1 0.0000E+00 0.1080E-01 0.1008E-02 0.0000E+00 2.000 0.0000E+00
2 0.0000E+00 0.1135E-01 0.1042E-02 0.0000E+00 2.000 0.0000E+00
3 0.0000E+00 0.9758E-02 0.1032E-02 0.0000E+00 2.000 0.0000E+00
4 0.0000E+00 0.1138E-01 0.1059E-02 0.0000E+00 3.000 0.0000E+00
5 0.0000E+00 0.9644E-02 0.1059E-02 0.0000E+00 3.000 0.0000E+00
6 0.0000E+00 0.1141E-01 0.1065E-02 0.0000E+00 4.000 0.0000E+00
7 0.0000E+00 0.1320E-01 0.1077E-02 0.0000E+00 5.000 0.0000E+00
8 0.0000E+00 0.1212E-01 0.1093E-02 0.0000E+00 3.000 0.0000E+00
9 0.0000E+00 0.1278E-01 0.1095E-02 0.0000E+00 4.000 0.0000E+00
10 0.0000E+00 0.1245E-01 0.1118E-02 0.0000E+00 4.000 0.0000E+00
11 0.0000E+00 0.1300E-01 0.1123E-02 0.0000E+00 5.000 0.0000E+00
12 0.0000E+00 0.1355E-01 0.1139E-02 0.0000E+00 5.000 0.8357E-05
13 0.0000E+00 0.1614E-01 0.1145E-02 0.0000E+00 5.000 0.0000E+00
14 0.0000E+00 0.1263E-01 0.1161E-02 0.0000E+00 5.000 0.0000E+00
15 0.0000E+00 0.1413E-01 0.1173E-02 0.0000E+00 7.000 0.0000E+00
16 0.0000E+00 0.1392E-01 0.1186E-02 0.0000E+00 6.000 0.0000E+00
17 0.0000E+00 0.1570E-01 0.1208E-02 0.0000E+00 6.000 0.0000E+00
18 0.0000E+00 0.1469E-01 0.1221E-02 0.0000E+00 8.000 0.0000E+00
19 0.0000E+00 0.1483E-01 0.1230E-02 0.0000E+00 7.000 0.0000E+00
20 0.0000E+00 0.1461E-01 0.1252E-02 0.0000E+00 9.000 0.0000E+00
21 0.0000E+00 0.1337E-01 0.1260E-02 0.0000E+00 8.000 0.0000E+00
22 0.0000E+00 0.1520E-01 0.1278E-02 0.0000E+00 8.000 0.0000E+00
23 0.0000E+00 0.1630E-01 0.1289E-02 0.0000E+00 8.000 0.0000E+00
24 0.0000E+00 0.1746E-01 0.1312E-02 0.0000E+00 8.000 0.0000E+00
25 0.0000E+00 0.1587E-01 0.1332E-02 0.0000E+00 9.000 0.0000E+00
26 0.0000E+00 0.1770E-01 0.1353E-02 0.0000E+00 10.00 0.0000E+00
27 0.0000E+00 0.1715E-01 0.1372E-02 0.0000E+00 8.000 0.0000E+00
28 0.0000E+00 0.1834E-01 0.1382E-02 0.0000E+00 11.00 0.0000E+00
29 0.0000E+00 0.1709E-01 0.1410E-02 0.0000E+00 9.000 0.0000E+00
30 0.0000E+00 0.1692E-01 0.1427E-02 0.0000E+00 9.000 0.0000E+00
31 0.0000E+00 0.1727E-01 0.1445E-02 0.0000E+00 12.00 0.0000E+00
32 0.0000E+00 0.1788E-01 0.1459E-02 0.0000E+00 11.00 0.0000E+00
33 0.0000E+00 0.1788E-01 0.1497E-02 0.0000E+00 12.00 0.3024E-05
34 0.0000E+00 0.1733E-01 0.1513E-02 0.0000E+00 9.000 0.0000E+00
35 0.0000E+00 0.1691E-01 0.1536E-02 0.0000E+00 13.00 0.0000E+00
36 0.0000E+00 0.2077E-01 0.1553E-02 0.0000E+00 11.00 0.0000E+00
37 0.0000E+00 0.1849E-01 0.1583E-02 0.0000E+00 12.00 0.0000E+00
38 0.0000E+00 0.1941E-01 0.1615E-02 0.0000E+00 13.00 0.0000E+00
39 0.0000E+00 0.2588E-01 0.1642E-02 0.0000E+00 11.00 0.0000E+00
40 0.0000E+00 0.2170E-01 0.1661E-02 0.0000E+00 12.00 0.0000E+00
41 0.0000E+00 0.1980E-01 0.1691E-02 0.0000E+00 14.00 0.0000E+00
42 0.0000E+00 0.2220E-01 0.1710E-02 0.0000E+00 12.00 0.0000E+00
43 0.0000E+00 0.2444E-01 0.1754E-02 0.0000E+00 13.00 0.0000E+00
44 0.0000E+00 0.2820E-01 0.1779E-02 0.0000E+00 20.00 0.0000E+00
45 0.0000E+00 0.2216E-01 0.1803E-02 0.0000E+00 15.00 0.2224E-04
46 0.0000E+00 0.2339E-01 0.1846E-02 0.0000E+00 15.00 0.0000E+00
47 0.0000E+00 0.2269E-01 0.1900E-02 0.0000E+00 16.00 0.0000E+00
48 0.0000E+00 0.2423E-01 0.1921E-02 0.0000E+00 19.00 0.0000E+00
49 0.0000E+00 0.2274E-01 0.1955E-02 0.0000E+00 17.00 0.2029E-05
50 0.0000E+00 0.2087E-01 0.1977E-02 0.0000E+00 15.00 0.0000E+00
51 0.0000E+00 0.2747E-01 0.2043E-02 0.0000E+00 17.00 0.0000E+00
52 0.0000E+00 0.2502E-01 0.2074E-02 0.0000E+00 16.00 0.0000E+00
53 0.0000E+00 0.2312E-01 0.2145E-02 0.0000E+00 17.00 0.0000E+00
54 0.0000E+00 0.2588E-01 0.2184E-02 0.0000E+00 23.00 0.0000E+00
55 0.0000E+00 0.2487E-01 0.2241E-02 0.0000E+00 20.00 0.0000E+00
56 0.0000E+00 0.3351E-01 0.2269E-02 0.0000E+00 19.00 0.0000E+00
57 0.0000E+00 0.3558E-01 0.2324E-02 0.0000E+00 20.00 0.1752E-05
58 0.0000E+00 0.2661E-01 0.2382E-02 0.0000E+00 23.00 0.0000E+00
59 0.0000E+00 0.2841E-01 0.2430E-02 0.0000E+00 21.00 0.3389E-05
60 0.0000E+00 0.3394E-01 0.2487E-02 0.0000E+00 31.00 0.0000E+00
61 0.0000E+00 0.3374E-01 0.2588E-02 0.0000E+00 23.00 0.3272E-05
62 0.0000E+00 0.3040E-01 0.2628E-02 0.0000E+00 25.00 0.0000E+00
63 0.0000E+00 0.3271E-01 0.2699E-02 0.0000E+00 26.00 0.0000E+00
64 0.0000E+00 0.3322E-01 0.2764E-02 0.0000E+00 26.00 0.0000E+00
65 0.0000E+00 0.3557E-01 0.2841E-02 0.0000E+00 24.00 0.0000E+00
66 0.0000E+00 0.3583E-01 0.2924E-02 0.0000E+00 27.00 0.0000E+00
67 0.0000E+00 0.3622E-01 0.3034E-02 0.0000E+00 27.00 0.1491E-05
68 0.0000E+00 0.3455E-01 0.3129E-02 0.0000E+00 29.00 0.8824E-05
69 0.0000E+00 0.3656E-01 0.3215E-02 0.0000E+00 31.00 0.0000E+00
70 0.0000E+00 0.4280E-01 0.3302E-02 0.0000E+00 29.00 0.0000E+00
71 0.0000E+00 0.3946E-01 0.3457E-02 0.0000E+00 35.00 0.0000E+00
72 0.0000E+00 0.3778E-01 0.3572E-02 0.0000E+00 37.00 0.2774E-05
73 0.0000E+00 0.4028E-01 0.3679E-02 0.0000E+00 35.00 0.0000E+00
74 0.0000E+00 0.4230E-01 0.3870E-02 0.0000E+00 39.00 0.0000E+00
75 0.0000E+00 0.4263E-01 0.3982E-02 0.0000E+00 38.00 0.8015E-05
76 0.0000E+00 0.5102E-01 0.4173E-02 0.0000E+00 37.00 0.5270E-05
77 0.0000E+00 0.4659E-01 0.4297E-02 0.0000E+00 47.00 0.0000E+00
78 0.0000E+00 0.5551E-01 0.4585E-02 0.0000E+00 44.00 0.0000E+00
79 0.0000E+00 0.4559E-01 0.4791E-02 0.0000E+00 44.00 0.0000E+00
80 0.0000E+00 0.4651E-01 0.5025E-02 0.0000E+00 49.00 0.0000E+00
81 0.0000E+00 0.4746E-01 0.5239E-02 0.0000E+00 47.00 0.3700E-05
82 0.0000E+00 0.6610E-01 0.5564E-02 0.0000E+00 68.00 0.2442E-05
83 0.0000E+00 0.7922E-01 0.5859E-02 0.0000E+00 70.00 0.0000E+00
84 0.0000E+00 0.7034E-01 0.6229E-02 0.0000E+00 60.00 0.7134E-05
85 0.0000E+00 0.8130E-01 0.6613E-02 0.0000E+00 71.00 0.0000E+00
86 0.0000E+00 0.7831E-01 0.7203E-02 0.0000E+00 74.00 0.0000E+00
87 0.0000E+00 0.7501E-01 0.7629E-02 0.0000E+00 63.00 0.0000E+00
88 0.0000E+00 0.9839E-01 0.8296E-02 0.0000E+00 98.00 0.1936E-04
89 0.0000E+00 0.8441E-01 0.9100E-02 0.0000E+00 90.00 0.1573E-04
90 0.0000E+00 0.8215E-01 0.9997E-02 0.0000E+00 79.00 0.1334E-04
91 0.0000E+00 0.8234E-01 0.1113E-01 0.0000E+00 81.00 0.3294E-05
92 0.0000E+00 0.1024 0.1268E-01 0.0000E+00 100.0 0.4661E-04
93 0.0000E+00 0.1397 0.1480E-01 0.0000E+00 147.0 0.1506E-04
94 0.0000E+00 0.1396 0.1653E-01 0.0000E+00 113.0 0.0000E+00
95 0.0000E+00 0.2029 0.1956E-01 0.0000E+00 169.0 0.4529E-04
96 0.0000E+00 0.1548 0.2342E-01 0.0000E+00 141.0 0.0000E+00
97 0.0000E+00 0.1900 0.3188E-01 0.0000E+00 190.0 0.4842E-04
98 0.0000E+00 0.4274 0.5239E-01 0.0000E+00 423.0 0.6841E-04
99 0.0000E+00 0.6831 0.1405 0.0000E+00 660.0 0.2592E-03
