1 1 1.0
1 2 2.0
1 3 3.0
1 4 4.0
1 5 5.0
1 6 6.0
1 7 7.0
1 8 8.0
1 9 9.0
1 10 10.0
1 11 11.0
1 12 12.0
1 13 13.0
1 14 14.0
1 15 15.0
1 16 16.0
1 17 17.0
1 18 18.0
1 19 19.0
1 20 20.0
1 21 21.0
1 22 22.0
1 23 23.0
1 24 24.0
1 25 25.0
1 26 26.0
1 27 27.0
1 28 28.0
1 29 29.0
1 30 30.0
1 31 31.0
1 32 32.0
1 33 33.0
1 34 34.0
1 35 35.0
1 36 36.0
1 37 37.0
1 38 38.0
1 39 39.0
1 40 40.0
1 41 41.0
1 42 42.0
1 43 43.0
1 44 44.0
1 45 45.0
1 46 46.0
1 47 47.0
1 48 48.0
1 49 49.0
1 50 50.0
1 51 51.0
1 52 52.0
1 53 53.0
1 54 54.0
1 55 55.0
1 56 56.0
1 57 57.0
1 58 58.0
1 59 59.0
1 60 60.0
1 61 61.0
1 62 62.0
1 63 63.0
1 64 64.0
1 65 65.0
1 66 66.0
1 67 67.0
1 68 68.0
1 69 69.0
1 70 70.0
2 1 0.25
2 2 0.6666666666666666
2 3 1.125
2 4 1.6
2 5 2.0833333333333335
2 6 2.5714285714285716
2 7 3.0625
2 8 3.5555555555555554
2 9 4.05
2 10 4.545454545454546
2 11 5.041666666666667
2 12 5.538461538461538
2 13 6.035714285714286
2 14 6.533333333333333
2 15 7.03125
2 16 7.529411764705882
2 17 8.027777777777779
2 18 8.526315789473685
2 19 9.025
2 20 9.523809523809524
2 21 10.022727272727273
2 22 10.521739130434783
2 23 11.020833333333334
2 24 11.52
2 25 12.01923076923077
2 26 12.518518518518519
2 27 13.017857142857142
2 28 13.517241379310345
2 29 14.016666666666667
2 30 14.516129032258064
2 31 15.015625
2 32 15.515151515151516
2 33 16.014705882352942
2 34 16.514285714285716
2 35 17.01388888888889
2 36 17.513513513513512
2 37 18.013157894736842
2 38 18.512820512820515
2 39 19.0125
2 40 19.51219512195122
2 41 20.011904761904763
2 42 20.511627906976745
2 43 21.011363636363637
2 44 21.511111111111113
2 45 22.01086956521739
2 46 22.51063829787234
2 47 23.010416666666668
2 48 23.510204081632654
2 49 24.01
2 50 24.50980392156863
2 51 25.009615384615383
2 52 25.50943396226415
2 53 26.00925925925926
2 54 26.509090909090908
2 55 27.008928571428573
2 56 27.50877192982456
2 57 28.00862068965517
2 58 28.508474576271187
2 59 29.008333333333333
2 60 29.508196721311474
2 61 30.008064516129032
2 62 30.50793650793651
2 63 31.0078125
2 64 31.50769230769231
2 65 32.00757575757576
2 66 32.507462686567166
2 67 33.00735294117647
2 68 33.507246376811594
2 69 34.00714285714286
2 70 34.50704225352113
3 1 0.06666666666666667
3 2 0.26666666666666666
3 3 0.5294117647058824
3 4 0.8205128205128205
3 5 1.1261261261261262
3 6 1.44
3 7 1.758974358974359
3 8 2.08130081300813
3 9 2.405940594059406
3 10 2.73224043715847
3 11 3.0597701149425287
3 12 3.388235294117647
3 13 3.717428087986464
3 14 4.047197640117994
3 15 4.377431906614786
3 16 4.708045977011494
3 17 5.038974358974359
3 18 5.370165745856354
3 19 5.701579384871156
3 20 6.033182503770739
3 21 6.364948453608247
3 22 6.69685534591195
3 23 7.028885037550548
3 24 7.361022364217252
3 25 7.693254554406696
3 26 8.025570776255709
3 27 8.35796178343949
3 28 8.690419635787807
3 29 9.022937476877544
3 30 9.355509355509355
3 31 9.688130081300814
3 32 10.020795107033639
3 33 10.353500432152117
3 34 10.686242523110387
3 35 11.019018247237213
3 36 11.351824817518247
3 37 11.684659746251441
3 38 12.017520805957075
3 39 12.350405996252343
3 40 12.683313515655964
3 41 13.016241737488198
3 42 13.34918918918919
3 43 13.682154534503526
3 44 14.015136558078316
3 45 14.34813415210203
3 46 14.681146304675716
3 47 15.014172089660159
3 48 15.34721065778518
3 49 15.680261228841797
3 50 16.013323084806558
3 51 16.346395563770795
3 52 16.679478054567024
3 53 17.012569992000913
3 54 17.345670852610706
3 55 17.67878015088726
3 56 18.011897435897435
3 57 18.345022288261514
3 58 18.678154317442083
3 59 19.011293159307602
3 60 19.34443847393874
3 61 19.67758994364976
3 62 20.010747271200675
3 63 20.343910178179154
3 64 20.67707840353368
3 65 21.010251702241604
3 66 21.343429844097997
3 67 21.67661261261261
3 68 22.009799804003922
3 69 22.34299122628035
3 70 22.676186698400105
4 1 0.015625
4 2 0.10526315789473684
4 3 0.25961538461538464
4 4 0.4507042253521127
4 5 0.6620762711864407
4 6 0.8852459016393442
4 7 1.1157063197026025
4 8 1.3509234828496042
4 9 1.589389534883721
4 10 1.8301610541727673
4 11 2.0726217440543597
4 12 2.316353887399464
4 13 2.5610652797704447
4 14 2.806545879602572
4 15 3.052641099855282
4 16 3.2992347966169957
4 17 3.546238111413043
4 18 3.7935819601040763
4 19 4.041211858099727
4 20 4.2890842805061125
4 21 4.5371640537513995
4 22 4.785422454649452
4 23 5.033835803712765
4 24 5.282384409629347
4 25 5.531051767104667
4 26 5.779823940099161
4 27 6.028689082493874
4 28 6.277637061851459
4 29 6.526659161376052
4 30 6.775747841798836
4 31 7.024896549625752
4 32 7.274099561573895
4 33 7.523351857490865
4 34 7.772649015867106
4 35 8.021987127400248
4 36 8.271362723082378
4 37 8.520772714046702
4 38 8.770214340993977
4 39 9.019685131468139
4 40 9.269182863598182
4 41 9.518705535194567
4 42 9.768251337301288
4 43 10.017818631472842
4 44 10.267405930179043
4 45 10.517011879847347
4 46 10.766635246138161
4 47 11.016274901117955
4 48 11.265929812051139
4 49 11.515599031577601
4 50 11.765281689080313
4 51 12.0149769830783
4 52 12.264684174505831
4 53 12.514402580759764
4 54 12.764131570414671
4 55 13.013870558520019
4 56 13.263619002406053
4 57 13.513376397935357
4 58 13.763142276145905
4 59 14.012916200238687
4 60 14.262697762869443
4 61 14.512486583709268
4 62 14.762282307243503
4 63 15.012084600782197
4 64 15.261893152658812
4 65 15.51170767059674
4 66 15.761527880225673
4 67 16.011353523732033
4 68 16.261184358629585
4 69 16.51102015663788
4 70 16.760860702657723
5 1 0.0030769230769230774
5 2 0.03809523809523809
5 3 0.12366412213740458
5 4 0.24854368932038837
5 5 0.39834289356277885
5 6 0.5634782608695652
5 7 0.7382824511311225
5 8 0.9194163860830528
5 9 1.1048554588829638
5 10 1.2933264355923435
5 11 1.4839990785533288
5 12 1.676313662085691
5 13 1.869881399038098
5 14 2.0644249961615233
5 15 2.259741998839441
5 16 2.45568149882904
5 17 2.6521289213900796
5 18 2.8489958386104575
5 19 3.0462129926369723
5 20 3.243725418643312
5 21 3.4414889717499846
5 22 3.639467811643739
5 23 3.837632552551478
5 24 4.035958883279606
5 25 4.23442652450195
5 26 4.433018431460338
5 27 4.6317201776004575
5 28 4.830519473229221
5 29 5.029405786067291
5 30 5.228370039503241
5 31 5.427404370678256
5 32 5.626501935059796
5 33 5.825656747445021
5 34 6.024863551738953
5 35 6.224117713630888
5 36 6.423415131620881
5 37 6.6227521628489
5 38 6.822125560939658
5 39 7.021532423658396
5 40 7.220970148622233
5 41 7.420436395660702
5 42 7.619929054692256
5 43 7.819446218198425
5 44 8.018986157547609
5 45 8.218547302556113
5 46 8.418128223782627
5 47 8.617727617139863
5 48 8.81734429047783
5 49 9.01697715185074
5 50 9.21662519922657
5 51 9.416287511436881
5 52 9.615963240196221
5 53 9.815651603046735
5 54 10.015351877105413
5 55 10.21506339350963
5 56 10.414785532471758
5 57 10.614517718866455
5 58 10.814259418285012
5 59 11.014010133500085
5 60 11.213769401292007
5 61 11.413536789594259
5 62 11.613311894921358
5 63 11.813094340047112
5 64 12.01288377190529
5 65 12.212679859688299
5 66 12.412482293122418
5 67 12.612290780900766
5 68 12.81210504925748
5 69 13.01192484066847
5 70 13.21174991266583
6 1 0.0005112474437627812
6 2 0.012232415902140673
6 3 0.05502717391304348
6 4 0.13271124935199588
6 5 0.23738985110908536
6 6 0.3604004449388209
6 7 0.4955060817412986
6 8 0.6386777374965892
6 9 0.7873619926396074
6 10 0.9399202947590044
6 11 1.0952761620717966
6 12 1.2527034374433637
6 13 1.4116993473227832
6 14 1.5719071811984142
6 15 1.733068138248343
6 16 1.8949906115758637
6 17 2.057530125308874
6 18 2.2205759305047614
6 19 2.384041858622909
6 20 2.54785995687747
6 21 2.7119759787175672
6 22 2.8763461351901083
6 23 3.0409347185787783
6 24 3.2057123394551925
6 25 3.37065460170352
6 26 3.5357410946910326
6 27 3.7009546181114867
6 28 3.866280579613253
6 29 4.031706522196792
6 30 4.197221750106745
6 31 4.362817030219808
6 32 4.528484351834439
6 33 4.694216732029667
6 34 4.860008056868627
6 35 5.025852951012506
6 36 5.191746670014139
6 37 5.357685010838837
6 38 5.523664237127656
6 39 5.689681016456513
6 40 5.85573236741198
6 41 6.0218156147439785
6 42 6.187928351198024
6 43 6.35406840489841
6 44 6.520233811365848
6 45 6.686422789421452
6 46 6.852633720363513
6 47 7.018865129911409
6 48 7.185115672498165
6 49 7.351384117563738
6 50 7.517669337558663
6 51 7.6839702974147785
6 52 7.850286045278374
6 53 8.01661570433306
6 54 8.182958465566058
6 55 8.349313581353604
6 56 8.51568035975948
6 57 8.682058159456046
6 58 8.848446385190073
6 59 9.0148444837265
6 60 9.18125194021248
6 61 9.347668274911873
6 62 9.514093040266928
6 63 9.680525818249661
6 64 9.84696621797013
6 65 10.0134138735131
6 66 10.179868441978071
6 67 10.346329601700754
6 68 10.512797050636685
6 69 10.67927050489008
6 70 10.845749697372893
7 1 7.299802905321557e-05
7 2 0.0034527406128614588
7 3 0.022353049397479535
7 4 0.06694998365478916
7 5 0.13703375634740358
7 6 0.2270762761359654
7 7 0.3313300345554958
7 8 0.4454307259930877
7 9 0.5663780287003831
7 10 0.6921641481120531
7 11 0.8214421973771662
7 12 0.9532953034790039
7 13 1.0870871455117772
7 14 1.2223669599662328
7 15 1.3588089470333367
7 16 1.496173111876048
7 17 1.634279523327783
7 18 1.7729910785961789
7 19 1.9122017485187375
7 20 2.051828416361639
7 21 2.1918051147959057
7 22 2.3320788910581696
7 23 2.47260679585365
7 24 2.6133536600124962
7 25 2.7542904315177763
7 26 2.8953929166714087
7 27 3.0366408164972523
7 28 3.178016981438029
7 29 3.319506829284321
7 30 3.4610978864570745
7 31 3.6027794234338013
7 32 3.7445421626949194
7 33 3.8863780430219728
7 34 4.028280027944234
7 35 4.170241949040614
7 36 4.312258376960703
7 37 4.454324514641484
7 38 4.596436108412522
7 39 4.73858937360689
7 40 4.880780932003374
7 41 5.023007758971897
7 42 5.165267138618602
7 43 5.307556625559058
7 44 5.449874012209191
7 45 5.592217300690401
7 46 5.734584678609849
7 47 5.876974498108682
7 48 6.019385257676949
7 49 6.161815586319596
7 50 6.304264229727642
7 51 6.446730038165299
7 52 6.58921195583048
7 53 6.731709011484366
7 54 6.87422031017739
7 55 7.016745025925254
7 56 7.159282395210445
7 57 7.301831711202988
7 58 7.444392318609483
7 59 7.58696360907235
7 60 7.729545017052087
7 61 7.872136016134521
7 62 8.01473611571288
7 63 8.157344858001107
7 64 8.29996181534057
7 65 8.442586587767137
7 66 8.585218800809809
7 67 8.727858103495587
7 68 8.870504166538506
7 69 9.01315668069325
7 70 9.15581535525626
8 1 9.124087591240875e-06
8 2 0.000860215053763441
8 3 0.008199118229260394
8 4 0.03137447147496783
8 5 0.0753241469208935
8 6 0.1387910518800571
8 7 0.21776251771624394
8 8 0.3081646999630876
8 9 0.40678257139280266
8 10 0.5113009787527856
8 11 0.6201036865292967
8 12 0.7320669602141786
8 13 0.8464028994934316
8 14 0.9625512880975381
8 15 1.0801073053804637
8 16 1.198773518357122
8 17 1.3183278222063655
8 18 1.4386017891052656
8 19 1.5594658423105403
8 20 1.6808189521413275
8 21 1.8025813667847166
8 22 1.9246894086512216
8 23 2.047091696810362
8 24 2.169746367979484
8 25 2.2926190063067042
8 26 2.415681082878513
8 27 2.5389087663666303
8 28 2.6622820070981765
8 29 2.785783824805155
8 30 2.909399749692965
8 31 3.0331173800613844
8 32 3.1569260293541195
8 33 3.2808164424279993
8 34 3.4047805658433914
8 35 3.5288113606439984
8 36 3.6529026488025265
8 37 3.77704898652716
8 38 3.9012455591407837
8 39 4.0254880933943
8 40 4.149772783952917
8 41 4.274096231469106
8 42 4.3984553901785475
8 43 4.522847523362725
8 44 4.647270165341392
8 45 4.771721088910268
8 46 4.896198277339514
8 47 5.020699900208187
8 48 5.145224292478044
8 49 5.269769936313371
8 50 5.394335445237166
8 51 5.518919550282146
8 52 5.64352108785072
8 53 5.768138989043756
8 54 5.892772270255677
8 55 6.017420024864578
8 56 6.142081415871934
8 57 6.26675566936811
8 58 6.391442068717878
8 59 6.516139949375338
8 60 6.640848694250424
8 61 6.765567729559885
8 62 6.8902965211048635
8 63 7.015034570924855
8 64 7.139781414284545
8 65 7.264536616955578
8 66 7.389299772760221
8 67 7.5140705013480265
8 68 7.638848446180144
8 69 7.763633272699089
8 70 7.888424666664373
9 1 1.0137782603362298e-06
9 2 0.00019099460440242564
9 3 0.0027108131323836195
9 4 0.013520025878174535
9 5 0.038915473449759465
9 6 0.08125052244420296
9 7 0.13908364286845293
9 8 0.2093957876654951
9 9 0.2891580971109576
9 10 0.37590936987485163
9 11 0.46781234562935115
9 12 0.5635401533003511
9 13 0.6621425726044826
9 14 0.7629364963800457
9 15 0.8654259506922454
9 16 0.9692462201000701
9 17 1.0741253896132676
9 18 1.1798578968754838
9 19 1.286286229211019
9 20 1.3932881308516718
9 21 1.5007675563010439
9 22 1.6086481929813705
9 23 1.7168687650560563
9 24 1.82537958653776
9 25 1.9341400011454968
9 26 2.043116459088645
9 27 2.1522810566602777
9 28 2.2616104158939745
9 29 2.3710848167767167
9 30 2.4806875189483693
9 31 2.5904042269509433
9 32 2.7002226652303465
9 33 2.810132237783983
9 34 2.9201237536313016
9 35 3.030189203871342
9 36 3.140321579470518
9 37 3.2505147214350183
9 38 3.3607631969040943
9 39 3.471062196121957
9 40 3.5814074463280092
9 41 3.6917951394346304
9 42 3.8022218710021938
9 43 3.9126845885186428
9 44 4.023180547380254
9 45 4.133707273276432
9 46 4.244262529923752
9 47 4.354844291287374
9 48 4.465450717582187
9 49 4.576080134470132
9 50 4.6867310149704
9 51 4.797401963680509
9 52 4.908091702972682
9 53 5.018799060884204
9 54 5.12952296046516
9 55 5.240262410383804
9 56 5.351016496620368
9 57 5.461784375105589
9 58 5.5725652651813515
9 59 5.683358443778735
9 60 5.794163240223581
9 61 5.904979031592363
9 62 6.015805238551722
9 63 6.126641321624111
9 64 6.237486777829656
9 65 6.348341137660861
9 66 6.459203962352405
9 67 6.570074841413113
9 68 6.680953390391238
9 69 6.791839248847821
9 70 6.902732078515908
10 1 1.0137772325909104e-07
10 2 3.819162648589297e-05
10 3 0.0008110453473365672
10 4 0.005335869260781491
10 5 0.018728892987096978
10 6 0.04508697332817936
10 7 0.08547094027506856
10 8 0.13851266214160918
10 9 0.2018699552700888
10 10 0.2732079438553741
10 11 0.3505854012773308
10 12 0.432510916034349
10 13 0.5178769610822409
10 14 0.6058704310253304
10 15 0.695894106950018
10 16 0.7875063749424417
10 17 0.8803774214841591
10 18 0.9742581006862677
10 19 1.0689579477300721
10 20 1.1643296207346823
10 21 1.260257819760678
10 22 1.35665132388524
10 23 1.453437210666101
10 24 1.550556614964088
10 25 1.6479615836245058
10 26 1.7456127180953664
10 27 1.8434773893986003
10 28 1.9415283731142525
10 29 2.0397427956817613
10 30 2.1381013137006915
10 31 2.2365874692520085
10 32 2.3351871793907852
10 33 2.433888328789523
10 34 2.5326804423328473
10 35 2.6315544201652
10 36 2.730502321884769
10 37 2.8295171896850086
10 38 2.92859290256857
10 39 3.027724055509064
10 40 3.1269058587648666
10 41 3.2261340535652505
10 42 3.3254048411712622
10 43 3.424714822919944
10 44 3.524060949333239
10 45 3.6234404767438146
10 46 3.7228509301827644
10 47 3.822290071506438
10 48 3.9217558719249723
10 49 4.021246488243731
10 50 4.120760242248592
10 51 4.220295602763029
10 52 4.31985116998377
10 53 4.419425661766254
10 54 4.5190179015839425
10 55 4.618626807929104
10 56 4.718251384958616
10 57 4.81789071421826
10 58 4.917543947303813
10 59 5.017210299338042
10 60 5.116889043160148
10 61 5.216579504138874
10 62 5.316281055532854
10 63 5.415993114332254
10 64 5.515715137524685
10 65 5.6154466187359
10 66 5.715187085202244
10 67 5.81493609503743
10 68 5.914693234760843
10 69 6.01445811705878
10 70 6.114230378753449
11 1 9.216155725604484e-09
11 2 6.943666898411551e-06
11 3 0.0002210149325045459
11 4 0.0019300177723255195
11 5 0.008356622880294607
11 6 0.023531911860239597
11 7 0.050107834616999254
11 8 0.08848077400214654
11 9 0.13742445787493435
11 10 0.19507485737031577
11 11 0.25958032786801993
11 12 0.32937277122150477
11 13 0.40321872209942466
11 14 0.48018059639632454
11 15 0.5595552844888003
11 16 0.6408166338064005
11 17 0.7235692538120106
11 18 0.8075137327999516
11 19 0.8924211880387954
11 20 0.9781148520583144
11 21 1.0644567738164437
11 22 1.151338180693296
11 23 1.238672448447222
11 24 1.326389931757988
11 25 1.41443412875485
11 26 1.5027588086707748
11 27 1.5913258405274948
11 28 1.6801035365300168
11 29 1.7690653767513962
11 30 1.8581890188004484
11 31 1.9474555223671977
11 32 2.0368487371771002
11 33 2.1263548162448465
11 34 2.215961825973921
11 35 2.3056594316834556
11 36 2.395438642312003
11 37 2.4852916018746245
11 38 2.5752114181053782
11 39 2.6651920208644797
11 40 2.755228044515666
11 41 2.8453147297197803
11 42 2.9354478410431826
11 43 3.0256235975159598
11 44 3.1158386138476923
11 45 3.2060898504567454
11 46 3.2963745708218988
11 47 3.3866903049443473
11 48 3.477034817930343
11 49 3.5674060828824814
11 50 3.6578022574304963
11 51 3.7482216633478407
11 52 3.838662768793917
11 53 3.929124172798134
11 54 4.019604591664395
11 55 4.110102847025912
11 56 4.200617855322578
11 57 4.291148618508164
11 58 4.381694215823712
11 59 4.472253796497831
11 60 4.562826573254861
11 61 4.653411816529019
11 62 4.744008849296907
11 63 4.834617042453028
11 64 4.92523581066312
11 65 5.015864608638947
11 66 5.106502927785622
11 67 5.197150293178848
11 68 5.287806260834966
11 69 5.378470415241397
11 70 5.469142367119007
12 1 7.680129700555798e-10
12 2 1.1572697807060564e-06
12 3 5.524152392445486e-05
12 4 0.0006420999930436555
12 5 0.0034530701947262403
12 6 0.011495446105569403
12 7 0.027834827271725215
12 8 0.05419221365868735
12 9 0.09061555050325255
12 10 0.13602694437036164
12 11 0.18891104331692196
12 12 0.24776554654332053
12 13 0.31129878428419794
12 14 0.37847455719904144
12 15 0.4484894588653636
12 16 0.520729837085103
12 17 0.5947288979733396
12 18 0.6701307864054751
12 19 0.746662647472848
12 20 0.8241136344539881
12 21 0.9023193790273097
12 22 0.9811505617978427
12 23 1.0605044943059463
12 24 1.1402988928478315
12 25 1.2204672445377234
12 26 1.3009553327737327
12 27 1.381718611063599
12 28 1.46272020159054
12 29 1.5439293571915673
12 30 1.625320269738765
12 31 1.7068711395090908
12 32 1.788563442748618
12 33 1.8703813509232128
12 34 1.952311266948796
12 35 2.034341452305031
12 36 2.1164617252640863
12 37 2.1986632151501344
12 38 2.28093816103754
12 39 2.3632797459180734
12 40 2.4456819593504644
12 41 2.528139483115257
12 42 2.610647595554908
12 43 2.693202091171385
12 44 2.775799212746047
12 45 2.8584355937872363
12 46 2.941108209535523
12 47 3.0238143350917444
12 48 3.106551509499064
12 49 3.189317504822559
12 50 3.272110299440113
12 51 3.3549280548955163
12 52 3.43776909577572
12 53 3.520631892164437
12 54 3.603515044297963
12 55 3.68641726910953
12 56 3.7693373883982084
12 57 3.8522743183994588
12 58 3.9352270605685318
12 59 4.018194693416218
12 60 4.101176365260214
12 61 4.184171287775098
12 62 4.2671787302406825
12 63 4.350198014402543
12 64 4.433228509870374
12 65 4.516269629989979
12 66 4.599320828133224
12 67 4.68238159435762
12 68 4.765451452393481
12 69 4.848529956921907
12 70 4.931616691111533
13 1 5.907792072813352e-11
13 2 1.7804129868219395e-07
13 3 1.2747339800089965e-05
13 4 0.00019744245083251098
13 5 0.0013235336663934142
13 6 0.005245293521281023
13 7 0.014582093851916174
13 8 0.031634700130681793
13 9 0.0575215002455724
13 10 0.0921070680344809
13 11 0.13444892011230106
13 12 0.1832929743742849
13 13 0.23739729496823062
13 14 0.2956804552882568
13 15 0.3572603404084854
13 16 0.42144123525338123
13 17 0.48768314541137847
13 18 0.5555693027840262
13 19 0.6247778749116835
13 20 0.6950592912533781
13 21 0.7662187848758651
13 22 0.8381032088423028
13 23 0.9105911622219471
13 24 0.9835856075199434
13 25 1.0570083387248552
13 26 1.1307958170621852
13 27 1.2048960174395094
13 28 1.2792660239332636
13 29 1.3538701830567017
13 30 1.4286786748444051
13 31 1.5036663989729242
13 32 1.578812100071073
13 33 1.6540976759228263
13 34 1.729507626510198
13 35 1.805028612274532
13 36 1.8806490976570212
13 37 1.9563590616722117
13 38 2.0321497615139172
13 39 2.1080135383799035
13 40 2.1839436571094453
13 41 2.2599341730586517
13 42 2.3359798210393383
13 43 2.4120759222257884
13 44 2.4882183057691725
13 45 2.564403242510276
13 46 2.6406273886911213
13 47 2.7168877379678835
13 48 2.7931815803456637
13 49 2.86950646690902
13 50 2.9458601794248045
13 51 3.022240704056757
13 52 3.098646208562863
13 53 3.1750750224531776
13 54 3.2515256196727678
13 55 3.3279966034455177
13 56 3.4044866929729314
13 57 3.4809947117302484
13 58 3.557519577141985
13 59 3.634060291452147
13 60 3.7106159336318956
13 61 3.7871856521905536
13 62 3.8637686587751325
13 63 3.9403642224598867
13 64 4.016971664641109
13 65 4.09359035446404
13 66 4.1702197047186145
13 67 4.2468591681492205
13 68 4.32350823413076
13 69 4.400166425669511
13 70 4.476833296692513
14 1 4.2198514803316654e-12
14 2 2.5434466711927937e-08
14 3 2.7315379944620006e-06
14 4 5.640099285902938e-05
14 5 0.0004720658001612386
14 6 0.0022362531336181557
14 7 0.007186256262691598
14 8 0.017522647794763833
14 9 0.03496676643655778
14 10 0.06024204476597606
14 11 0.09311872518741202
14 12 0.13277207517644948
14 13 0.17814839762786322
14 14 0.22820476613770888
14 15 0.2820232233682937
14 16 0.3388442054855736
14 17 0.39805967984345647
14 18 0.45919097787244073
14 19 0.521863845716987
14 20 0.5857859071781918
14 21 0.6507280905148882
14 22 0.7165099989190831
14 23 0.7829886501406996
14 24 0.8500499042522527
14 25 0.9176019635147293
14 26 0.9855704416763317
14 27 1.05389461237806
14 28 1.122524541234262
14 29 1.1914188808607407
14 30 1.2605431648689158
14 31 1.3298684791484463
14 32 1.399370420005229
14 33 1.4690282717128837
14 34 1.5388243529508818
14 35 1.608743494073378
14 36 1.6787726163800911
14 37 1.7489003914190218
14 38 1.8191169634749027
14 39 1.889413722246863
14 40 1.9597831156276049
14 41 2.0302184947072206
14 42 2.100713984815011
14 43 2.171264377712449
14 44 2.2418650410557266
14 45 2.3125118420282047
14 46 2.3832010826546433
14 47 2.4539294447898947
14 48 2.524693943154822
14 49 2.5954918850941175
14 50 2.6663208359717143
14 51 2.7371785893128395
14 52 2.8080631409575125
14 53 2.878972666616412
14 54 2.949905502322511
14 55 3.0208601273555518
14 56 3.091835149284992
14 57 3.1628292908334674
14 58 3.233841378309375
14 59 3.3048703313958407
14 60 3.375915154115376
14 61 3.446974926816385
14 62 3.518048799050086
14 63 3.589135983225266
14 64 3.6602357489441757
14 65 3.7313474179362673
14 66 3.802470359517868
14 67 3.8736039865155365
14 68 3.9447477515990883
14 69 4.015901143977303
14 70 4.087063686415373
15 1 2.813234320209239e-13
15 2 3.3912621420021147e-09
15 3 5.463061066365133e-07
15 4 1.503941652438384e-05
15 5 0.0001572810197299839
15 6 0.0008925053854822066
15 7 0.0033296584768409236
15 8 0.009184475822195523
15 9 0.02027124014249275
15 10 0.037879428924347244
15 11 0.062469943624584655
15 12 0.09376790130054564
15 13 0.13104909216446292
15 14 0.17341661662138558
15 15 0.21998292872365183
15 16 0.26995957984037927
15 17 0.3226860128554014
15 18 0.3776264942717447
15 19 0.4343539271062435
15 20 0.4925304687739442
15 21 0.5518893947195641
15 22 0.6122197554396696
15 23 0.6733540321682168
15 24 0.73515846447035
15 25 0.7975255735839964
15 26 0.8603684175835027
15 27 0.9236161830543452
15 28 0.9872107968272595
15 29 1.0511043125748907
15 30 1.1152568855653875
15 31 1.1796351946489747
15 32 1.2442112054841936
15 33 1.3089611952990097
15 34 1.3738649791327833
15 35 1.4389052921578518
15 36 1.504067293608819
15 37 1.5693381660172352
15 38 1.634706789576634
15 39 1.700163476077704
15 40 1.7656997503454297
15 41 1.831308169765903
15 42 1.8969821745209923
15 43 1.9627159627097484
15 44 2.0285043857414613
15 45 2.0943428603222314
15 46 2.1602272940886724
15 47 2.2261540225168273
15 48 2.292119755187652
15 49 2.3581215298498277
15 50 2.4241566730070767
15 51 2.4902227659863687
15 52 2.5563176156278242
15 53 2.6224392288859755
15 54 2.68858579075291
15 55 2.7547556450121604
15 56 2.820947277412753
15 57 2.8871593009188286
15 58 2.9533904427447695
15 59 3.0196395329307637
15 60 3.0859054942511497
15 61 3.1521873332790107
15 62 3.2184841324565374
15 63 3.284795043042455
15 64 3.351119278826186
15 65 3.4174561105139074
15 66 3.4838048607047045
15 67 3.55016489938619
15 68 3.6165356398883457
15 69 3.682916535242463
15 70 3.7493070748988946
16 1 1.7582714501302797e-14
16 2 4.23907766312682e-10
16 3 1.0243233903493391e-07
16 4 3.7597975859340173e-06
16 5 4.91425894690361e-05
16 6 0.00033439107372167375
16 7 0.0014518912815049898
16 8 0.004550444463938475
16 9 0.011176020779101516
16 10 0.022810590920231747
16 11 0.040422871724150454
16 12 0.06429693712147536
16 13 0.09414037650643685
16 14 0.12931429246384418
16 15 0.1690466241967713
16 16 0.21257336385013953
16 17 0.2592103381502572
16 18 0.3083780747700347
16 19 0.35960112681481776
16 20 0.4124961592731661
16 21 0.46675673732555095
16 22 0.522138598593203
16 23 0.5784468813139402
16 24 0.6355256417702065
16 25 0.693249502003129
16 26 0.7515171002468592
16 27 0.8102459953468663
16 28 0.8693687137801311
16 29 0.928829682070316
16 30 0.988582840554692
16 31 1.0485897801812978
16 32 1.1088182809565397
16 33 1.1692411595313073
16 34 1.2298353555574582
16 35 1.2905812032620658
16 36 1.3514618473941498
16 37 1.412462772286749
16 38 1.473571420016861
16 39 1.5347768791240939
16 40 1.5960696295077743
16 41 1.6574413322916834
16 42 1.7188846558715756
16 43 1.7803931312261307
16 44 1.841961031013424
16 45 1.9035832680942415
16 46 1.965255309996911
16 47 2.0269731065231777
16 48 2.0887330282342664
16 49 2.1505318139835308
16 50 2.2123665260019654
16 51 2.274234511314442
16 52 2.336133368482541
16 53 2.3980609188456405
16 54 2.4600151815742106
16 55 2.521994351964982
16 56 2.5839967825020795
16 57 2.6460209662856076
16 58 2.7080655224928343
16 59 2.770129183589653
16 60 2.8322107840535637
16 61 2.894309250405558
16 62 2.956423592378554
16 63 3.0185528950752
16 64 3.080696311989155
16 65 3.1428530587817463
16 66 3.205022407720998
16 67 3.267203682702821
16 68 3.3293962547849434
16 69 3.3915995381734443
16 70 3.453812986609602
17 1 1.0342773236060286e-15
17 2 4.9871501897998135e-11
17 3 1.8076293272214866e-08
17 4 8.846549293904185e-07
17 5 1.4452992527532238e-05
17 6 0.00011798092719166843
17 7 0.000596970849730019
17 8 0.0021316855135447266
17 9 0.0058513223825214615
17 10 0.013118748259037444
17 11 0.025139754740458944
17 12 0.04264418291475143
17 13 0.06579567048905938
17 14 0.094299809996364
17 15 0.1275901088705155
17 16 0.16499541742718782
17 17 0.20585150097403865
17 18 0.2495593344290817
17 19 0.2956066553694091
17 20 0.34356879199913626
17 21 0.3930998490190759
17 22 0.4439206622015457
17 23 0.4958067410410192
17 24 0.548577562968266
17 25 0.6020876194342583
17 26 0.656219168133273
17 27 0.7108764720569354
17 28 0.7659812643576724
17 29 0.8214691936050126
17 30 0.8772870399673268
17 31 0.9333905321285275
17 32 0.9897426303806757
17 33 1.0463121711261818
17 34 1.1030727918922965
17 35 1.1600020746300046
17 36 1.217080859473848
17 37 1.2742926921709168
17 38 1.3316233768071515
17 39 1.3890606118804179
17 40 1.4465936926718905
17 41 1.5042132666178285
17 42 1.5619111312622302
17 43 1.6196800665879143
17 44 1.677513695238193
17 45 1.7354063654730592
17 46 1.793353052742741
17 47 1.85134927657572
17 48 1.909391030119326
17 49 1.9674747201779574
17 50 2.02559711599673
17 51 2.0837553053597104
17 52 2.1419466568294534
17 53 2.20016878716187
17 54 2.2584195330979897
17 55 2.3166969268701822
17 56 2.374999174871157
17 57 2.4333246390247254
17 58 2.4916718204716566
17 59 2.5500393452452985
17 60 2.6084259516623187
17 61 2.666830479195986
17 62 2.7252518586344214
17 63 2.783689103355537
17 64 2.8421413015748587
17 65 2.9006076094430324
17 66 2.9590872448872094
17 67 3.0175794821051545
17 68 3.076083646633382
17 69 3.1345991109212044
17 70 3.193125290351606
18 1 5.745985131144598e-17
18 2 5.541277988390108e-12
18 3 3.0127154909104155e-09
18 4 1.9658981039483706e-07
18 5 4.014662122655074e-06
18 6 3.9322336444843035e-05
18 7 0.00023201682317048323
18 8 0.0009454004872744352
18 9 0.002908641790449537
18 10 0.007193819569292539
18 11 0.014986428320099908
18 12 0.027266689578630102
18 13 0.04458555862907997
18 14 0.06702395083490179
18 15 0.09429409666597138
18 16 0.125891133196477
18 17 0.1612265741830068
18 18 0.1997178745762436
18 19 0.240836403580691
18 20 0.2841262051444761
18 21 0.329205757107203
18 22 0.37576143374738996
18 23 0.4235378932265839
18 24 0.4723281339698343
18 25 0.5219644635073706
18 26 0.5723108088505031
18 27 0.6232563984022792
18 28 0.674710675176065
18 29 0.7265992474092415
18 30 0.7788606832536696
18 31 0.831443978715373
18 32 0.8843065566090103
18 33 0.9374126819283408
18 34 0.9907322030286192
18 35 1.044239547753539
18 36 1.0979129193895822
18 37 1.1517336496805326
18 38 1.2056856757211134
18 39 1.25975511494957
18 40 1.3139299181595219
18 41 1.368199584841308
18 42 1.422554928547793
18 43 1.4769878825952565
18 44 1.5314913384372737
18 45 1.586059010626141
18 46 1.640685323507264
18 47 1.695365315756681
18 48 1.7500945596311623
18 49 1.8048690924004551
18 50 1.859685357907564
18 51 1.914540156582614
18 52 1.9694306025397263
18 53 2.024354086630605
18 54 2.0793082445256195
18 55 2.1342909290529026
18 56 2.1893001861558834
18 57 2.2443342339357515
18 58 2.299391444332288
18 59 2.354470327068019
18 60 2.409569515539665
18 61 2.464687754389767
18 62 2.5198238885319943
18 63 2.5749768534375486
18 64 2.6301456665183753
18 65 2.6853294194667314
18 66 2.7405272714306
18 67 2.7957384429214014
18 68 2.850962210364677
18 69 2.906197901216614
18 70 2.961444889579535
19 1 3.0242027006024198e-18
19 2 5.832924198273054e-13
19 3 4.756919181843096e-10
19 4 4.138732036785076e-08
19 5 1.0564857908441635e-06
19 6 1.2417091660894476e-05
19 7 8.546005405045558e-05
19 8 0.0003976873892113768
19 9 0.0013737818509104193
19 10 0.0037591779778419886
19 11 0.008548245568477972
19 12 0.016763969159125102
19 13 0.02920383905720697
19 14 0.0462839367360038
19 15 0.06802806313311517
19 16 0.09415971289220963
19 17 0.12422670911526963
19 18 0.15770908436294961
19 19 0.1940919873769883
19 20 0.23290562465229384
19 21 0.27374166320894816
19 22 0.31625554821609836
19 23 0.36016165633829406
19 24 0.4052255727272144
19 25 0.45125583624830695
19 26 0.49809627655755656
19 27 0.5456193771789368
19 28 0.5937207443763284
19 29 0.642314599409506
19 30 0.6913301518029196
19 31 0.7407087016332188
19 32 0.7904013314113855
19 33 0.8403670684968824
19 34 0.8905714202655852
19 35 0.9409852035336563
19 36 0.9915836060517076
19 37 1.0423454311757214
19 38 1.0932524874170333
19 39 1.1442890929107006
19 40 1.1954416713523772
19 41 1.2466984210186212
19 42 1.2980490424198334
19 43 1.3494845131918243
19 44 1.4009969012103973
19 45 1.4525792087681115
19 46 1.504225242102873
19 47 1.5559295017061245
19 48 1.6076870897345346
19 49 1.659493631557367
19 50 1.7113452090336723
19 51 1.7632383035610664
19 52 1.815169747295821
19 53 1.8671366812314065
19 54 1.9191365190542224
19 55 1.9711669158827558
19 56 2.0232257411485666
19 57 2.0753110550016745
19 58 2.127421087724451
19 59 2.1795542217215265
19 60 2.2317089757219732
19 61 2.283883990886824
19 62 2.336078018562185
19 63 2.3882899094574137
19 64 2.4405186040606415
19 65 2.4927631241313404
19 66 2.5450225651327316
19 67 2.5972960894862305
19 68 2.6495829205465733
19 69 2.7018823372101544
19 70 2.754193669080946
20 1 1.51210135030121e-19
20 2 5.832924198269652e-14
20 3 7.135378769370403e-11
20 4 8.277463730988109e-09
20 5 2.641211686707791e-07
20 6 3.7250812435930967e-06
20 7 2.9908462938800134e-05
20 8 0.00015901171872927529
20 9 0.0006173537235686581
20 10 0.0018725497411715684
20 11 0.004661685827446777
20 12 0.009892543206260008
20 13 0.01844386375839142
20 14 0.030965548239490402
20 15 0.04777126099117987
20 16 0.06884531520051367
20 17 0.09392474123931575
20 18 0.12260262776184284
20 19 0.15441640171556206
20 20 0.18890790989616768
20 21 0.2256570187437176
20 22 0.26429602025927745
20 23 0.304512263567312
20 24 0.3460445758391086
20 25 0.3886770211161256
20 26 0.4322320064854295
20 27 0.47656374529671147
20 28 0.5215525022560569
20 29 0.5670997319750141
20 30 0.613124070778828
20 31 0.6595580791055313
20 32 0.7063456154052851
20 33 0.7534397277345135
20 34 0.8008009632552331
20 35 0.8483960120798236
20 36 0.8961966173398666
20 37 0.9441786968255382
20 38 0.992321632759886
20 39 1.0406076953676842
20 40 1.0890215731543378
20 41 1.1375499885424945
20 42 1.1861813820175435
20 43 1.2349056514617414
20 44 1.2837139361192307
20 45 1.3325984367982402
20 46 1.3815522656146453
20 47 1.4305693199161649
20 48 1.4796441760793
20 49 1.528771999703827
20 50 1.5779484693905859
20 51 1.6271697118146704
20 52 1.6764322462268957
20 53 1.7257329368539724
20 54 1.7750689519396714
20 55 1.824437728388964
20 56 1.873836941155363
20 57 1.9232644766568348
20 58 1.9727184096241817
20 59 2.022196982883103
20 60 2.071698589651071
20 61 2.1212217579962873
20 62 2.170765137160651
20 63 2.2203274854941712
20 64 2.2699076597861647
20 65 2.319504605810254
20 66 2.369117349926814
20 67 2.4187449916088366
20 68 2.468386696776079
20 69 2.5180416918383153
20 70 2.5677092583620427
21 1 7.200482620481953e-21
21 2 5.555165903113631e-15
21 3 1.0193398241230381e-11
21 4 1.5766597452327054e-09
21 5 6.288597593114423e-08
21 6 1.064304962118433e-06
21 7 9.969189483132525e-06
21 8 6.056626210381359e-05
21 9 0.00026441692846834605
21 10 0.0008900237392163359
21 11 0.0024305051818646678
21 12 0.005597508240036617
21 13 0.011210858400713501
21 14 0.020023655360335537
21 15 0.03256658256415132
21 16 0.04907499030976755
21 17 0.06950598288000058
21 18 0.0936110107478764
21 19 0.12102225638429098
21 20 0.15132567765902052
21 21 0.18411106475367234
21 22 0.21900056679506658
21 23 0.2556613999274178
21 24 0.29380863185616135
21 25 0.3332025607020293
21 26 0.3736436461123064
21 27 0.4149667207617649
21 28 0.4570353867581377
21 29 0.4997370040522981
21 30 0.5429784016930288
21 31 0.586682302432488
21 32 0.630784388659753
21 33 0.6752309168568371
21 34 0.7199767877432344
21 35 0.7649839884015661
21 36 0.8102203348786733
21 37 0.8556584560576677
21 38 0.9012749706969448
21 39 0.9470498189960858
21 40 0.9929657178581038
21 41 1.0390077153357693
21 42 1.0851628247998908
21 43 1.1314197233747327
21 44 1.1777685023526645
21 45 1.2242004597983733
21 46 1.2707079275231794
21 47 1.3172841261651183
21 48 1.3639230433400058
21 49 1.410619330803008
21 50 1.4573682173343911
21 51 1.5041654346800264
21 52 1.5510071543704342
21 53 1.5978899336377543
21 54 1.6448106689684407
21 55 1.6917665560866373
21 56 1.7387550553716324
21 57 1.7857738618823071
21 58 1.8328208792998408
21 59 1.879894197213234
21 60 1.9269920712653232
21 61 1.9741129057536906
21 62 2.021255238344389
21 63 2.0684177266090567
21 64 2.1155991361398514
21 65 2.162798330033256
21 66 2.210014259564457
21 67 2.2572459558997364
21 68 2.3044925227160387
21 69 2.3517531296151457
21 70 2.3990270062354555
22 1 3.272946645673615e-22
22 2 5.050150821012364e-16
22 3 1.390008851062701e-12
22 4 2.8666540777215443e-10
22 5 1.4292266358295116e-08
22 6 2.9026468073852346e-07
22 7 3.1719832134404748e-06
22 8 2.202276147413398e-05
22 9 0.00010814196707936793
22 10 0.00040419650061747684
22 11 0.0012123060747356825
22 12 0.003036191207445244
22 13 0.006551154085067215
22 14 0.012492186893346078
22 15 0.02150417075941137
22 16 0.03402130674464808
22 17 0.05021867053465335
22 18 0.07003479868327026
22 19 0.09323563455368822
22 20 0.11948730106632745
22 21 0.14841714195847078
22 22 0.1796558367243844
22 23 0.21286182140092968
22 24 0.24773254682929202
22 25 0.28400731043124605
22 26 0.3214653638490019
22 27 0.35992177882638515
22 28 0.3992225628937973
22 29 0.4392398339405257
22 30 0.4798674384588515
22 31 0.521017154861294
22 32 0.5626154945457387
22 33 0.6046010523645393
22 34 0.6469223347481893
22 35 0.6895359898704372
22 36 0.732405369607501
22 37 0.7754993620332135
22 38 0.8187914429272197
22 39 0.8622589038997587
22 40 0.9058822227146823
22 41 0.9496445480980524
22 42 0.9935312768237643
22 43 1.0375297053195014
22 44 1.0816287416043622
22 45 1.125818666213711
22 46 1.1700909330274685
22 47 1.2144380027128712
22 48 1.258853202917907
22 49 1.30333061048451
22 50 1.34786495185271
22 51 1.392451518546871
22 52 1.4370860952112294
22 53 1.481764898124184
22 54 1.5264845224928765
22 55 1.5712418971299773
22 56 1.616034245357959
22 57 1.660859051183881
22 58 1.7057140299489733
22 59 1.75059710278921
22 60 1.795506374351333
22 61 1.8404401132979245
22 62 1.8853967352087728
22 63 1.9303747875467872
22 64 1.9753729364074275
22 65 2.020389954812916
22 66 2.0654247123478364
22 67 2.11047616596238
22 68 2.1555433517944502
22 69 2.2006253778828397
22 70 2.2457214176615006
23 1 1.4230202807276584e-23
23 2 4.3914354965324873e-17
23 3 1.813055023122742e-13
23 4 4.98548535113004e-11
23 5 3.1070143813100523e-09
23 6 7.572119908303382e-08
23 7 9.65383133215834e-07
23 8 7.659922254884131e-06
23 9 4.231184621434185e-05
23 10 0.0001756666051370486
23 11 0.0005790965152589762
23 12 0.0015793046893943978
23 13 0.0036787263190416787
23 14 0.0075101220005016015
23 15 0.013729223621763903
23 16 0.022888305919716887
23 17 0.035343256435906356
23 18 0.051222485955805266
23 19 0.07045209573622524
23 20 0.09281213000654238
23 21 0.11799832880951527
23 22 0.14567360075605806
23 23 0.17550376938657464
23 24 0.20717863598502798
23 25 0.24042199431960518
23 26 0.274994440747518
23 27 0.3106920393324563
23 28 0.34734293846807457
23 29 0.3848032311129291
23 30 0.42295278205158177
23 31 0.4616913825261604
23 32 0.5009353781835919
23 33 0.5406147988332833
23 34 0.5806709599649931
23 35 0.6210544811829618
23 36 0.6617236601235398
23 37 0.7026431429059204
23 38 0.7437828385921833
23 39 0.7851170327668923
23 40 0.8266236628240335
23 41 0.8682837242664041
23 42 0.9100807830790076
23 43 0.9520005740340478
23 44 0.9940306687113433
23 45 1.0361602001967356
23 46 1.0783796339769856
23 47 1.120680576596565
23 48 1.1630556152777127
23 49 1.2054981830119251
23 50 1.2480024446753706
23 51 1.2905632005563532
23 52 1.3331758043527655
23 53 1.3758360932355997
23 54 1.4185403280079858
23 55 1.4612851417392292
23 56 1.504067495536843
23 57 1.5468846403498522
23 58 1.5897340838843383
23 59 1.632613561865598
23 60 1.6755210130070708
23 61 1.7184545571496683
23 62 1.761412476120497
23 63 1.8043931969306144
23 64 1.8473952769901096
23 65 1.8904173910676358
23 66 1.933458319762271
23 67 1.976516939289761
23 68 2.0195922124138512
23 69 2.0626831803775643
23 70 2.105788955709681
24 1 5.929251169698578e-25
24 2 3.65952958044374e-18
24 3 2.2663187789030168e-14
24 4 8.309142251469151e-12
24 5 6.472946607617738e-10
24 6 1.893029833733357e-08
24 7 2.815698086985408e-07
24 8 2.5532878603082063e-06
24 9 1.5866270999159684e-05
24 10 7.318156325032879e-05
24 11 0.00026526562176318303
24 12 0.0007884072094940927
24 13 0.0019853399006694067
24 14 0.004348248622648002
24 15 0.008464553022300992
24 16 0.014917435779485988
24 17 0.024180199645362867
24 18 0.036544941703681416
24 19 0.05210375692040495
24 20 0.07077469177767604
24 21 0.09235124512061535
24 22 0.11655512873672234
24 23 0.14308002807729797
24 24 0.17162218565604034
24 25 0.2018986913833516
24 26 0.23365642595938071
24 27 0.2666748051869076
24 28 0.30076487332430973
24 29 0.3357665265948566
24 30 0.3715449902717239
24 31 0.40798719635717456
24 32 0.4449983971904382
24 33 0.4824991613469535
24 34 0.5204227914087564
24 35 0.5587131476692976
24 36 0.5973228365247666
24 37 0.636211713824648
24 38 0.6753456537369373
24 39 0.7146955380671678
24 40 0.7542364268821163
24 41 0.79394687738745
24 42 0.8338083836543086
24 43 0.8738049147287724
24 44 0.9139225328374022
24 45 0.9541490768659385
24 46 0.9944738991215386
24 47 1.0348876456870493
24 48 1.0753820725301966
24 49 1.1159498910225913
24 50 1.1565846377222917
24 51 1.1972805642368392
24 52 1.23803254375808
24 53 1.278835991483521
24 54 1.319686796641842
24 55 1.3605812642466548
24 56 1.4015160650319878
24 57 1.4424881922905788
24 58 1.4834949245540898
24 59 1.524533793232492
24 60 1.5656025544758478
24 61 1.6066991646416802
24 62 1.6478217588500268
24 63 1.688968632190008
24 64 1.7301382232095592
24 65 1.7713290993763289
24 66 1.8125399442447643
24 67 1.8537695461037322
24 68 1.8950167879119981
24 69 1.9362806383566018
24 70 1.9775601438925847
25 1 2.371700467879431e-26
25 2 2.927623664354992e-19
25 3 2.7195825346835585e-15
25 4 1.3294627602240172e-12
25 5 1.2945893206855667e-10
25 6 4.543271514954572e-09
25 7 7.883952423676167e-08
25 8 8.170500291347054e-07
25 9 5.711766935255407e-06
25 10 2.927048324041089e-05
25 11 0.0001166859208124652
25 12 0.00037813733435657884
25 13 0.0010303311907242424
25 14 0.0024244769999073918
25 15 0.00503610344871317
25 16 0.009406833070651247
25 17 0.0160543386452308
25 18 0.025384676503657635
25 19 0.0376377852460264
25 20 0.052877373603350666
25 21 0.07101657662572738
25 22 0.09186157552682807
25 23 0.11515696416507835
25 24 0.14062323182924724
25 25 0.1679831194016626
25 26 0.19697760080062765
25 27 0.2273738993011409
25 28 0.2589681386939183
25 29 0.2915847665706383
25 30 0.32507427134252315
25 31 0.359310173268479
25 32 0.3941858686564985
25 33 0.42961163795823776
25 34 0.46551196174855786
25 35 0.5018231917185129
25 36 0.5384915716017982
25 37 0.5754715777333623
25 38 0.6127245391960946
25 39 0.6502174961285214
25 40 0.6879222575238891
25 41 0.7258146243503291
25 42 0.7638737487652925
25 43 0.8020816049311277
25 44 0.8404225511725446
25 45 0.8788829668579649
25 46 0.917450950443411
25 47 0.9561160676439969
25 48 0.9948691407653737
25 49 1.03370207190834
25 50 1.0726076941212337
25 51 1.111579645675092
25 52 1.1506122635253166
25 53 1.1897004927415238
25 54 1.228839809267793
25 55 1.2680261538455875
25 56 1.3072558753130123
25 57 1.3465256818040936
25 58 1.3858325986244746
25 59 1.4251739317863585
25 60 1.4645472363546506
25 61 1.5039502888951877
25 62 1.5433810634303846
25 63 1.582837710402145
25 64 1.6223185382202168
25 65 1.661821997039213
25 66 1.7013466644617181
25 67 1.7408912329101627
25 68 1.780454498448082
25 69 1.8200353508632143
25 70 1.8596327648517148
26 1 9.12192487645935e-28
26 2 2.2520182033499937e-20
26 3 3.1379798477117897e-16
26 4 2.0453273234188454e-13
26 5 2.4895948471499434e-11
26 6 1.0484472679184437e-09
26 7 2.1226024082601576e-08
26 8 2.513998035583079e-07
26 9 1.9771388000170006e-06
26 10 1.1257548655499555e-05
26 11 4.936136056792486e-05
26 12 0.0001744589541053302
26 13 0.0005146353505086428
26 14 0.0013023301458498504
26 15 0.0028908854989036573
26 16 0.0057348733548396955
26 17 0.010331206881832946
26 18 0.017138940353729606
26 19 0.02650687529230137
26 20 0.03863213683907279
26 21 0.05355616702026635
26 22 0.0711894503735723
26 23 0.09135003001330934
26 24 0.11380274969667328
26 25 0.13829157931379296
26 26 0.16456247858679593
26 27 0.1923774404920183
26 28 0.22152170192060783
26 29 0.25180628568184427
26 30 0.2830676784048387
26 31 0.3151659510369911
26 32 0.34798218032002737
26 33 0.3814156902744475
26 34 0.4153814007707084
26 35 0.4498074229683955
26 36 0.4846329536594617
26 37 0.5198064717468459
26 38 0.5552842153750068
26 39 0.5910289076930391
26 40 0.6270086965999726
26 41 0.6631962752877629
26 42 0.6995681537385474
26 43 0.7361040553081905
26 44 0.7727864164846415
26 45 0.8095999715345394
26 46 0.8465314069228914
26 47 0.8835690730881642
26 48 0.9207027434085652
26 49 0.9579234120557356
26 50 0.995223123956347
26 51 1.0325948313249116
26 52 1.0700322722415945
26 53 1.1075298675692482
26 54 1.1450826331697965
26 55 1.182686104920862
26 56 1.2203362744731285
26 57 1.2580295340468515
26 58 1.295762628857866
26 59 1.3335326160021157
26 60 1.3713368288232353
26 61 1.409172845948353
26 62 1.4470384643094925
26 63 1.484931675577167
26 64 1.5228506455231263
26 65 1.5607936959042377
26 66 1.598759288521928
26 67 1.6367460111637002
26 68 1.674752565176853
26 69 1.7127777544610858
26 70 1.75082047569745
27 1 3.3784906949849444e-29
27 2 1.6681616321111065e-21
27 3 3.4866442752353214e-17
27 4 3.0301145532124846e-14
27 5 4.610360827940671e-12
27 6 2.329882815153782e-10
27 7 5.503043163866757e-09
27 8 7.448881195747039e-08
27 9 6.590449636489652e-07
27 10 4.169415527601668e-06
27 11 2.010919131803712e-05
27 12 7.752378821669175e-05
27 13 0.00024765993642745257
27 14 0.0006744040011868432
27 15 0.0016014179833651271
27 16 0.0033790649599316504
27 17 0.006438318363649591
27 18 0.011233431129719744
27 19 0.018171321367422083
27 20 0.027552004837499363
27 21 0.03953732878725297
27 22 0.05415122301912269
27 23 0.07130314756358307
27 24 0.09082218530877667
27 25 0.11249117620730766
27 26 0.1360747704706849
27 27 0.16133938294961067
27 28 0.1880655980470495
27 29 0.21605467733567338
27 30 0.2451309840982562
27 31 0.275141857768711
27 32 0.30595606592204494
27 33 0.3374615880213743
27 34 0.36956319671840415
27 35 0.40218010144180605
27 36 0.43524378867732333
27 37 0.46869611391370164
27 38 0.5024876548025394
27 39 0.53657631115021
27 40 0.5709261263826461
27 41 0.6055063015714913
27 42 0.6402903735540022
27 43 0.6752555310707371
27 44 0.7103820460086345
27 45 0.7456528001305532
27 46 0.7810528907707135
27 47 0.8165693017359863
27 48 0.8521906280333809
27 49 0.8879068450544771
27 50 0.9237091145224063
27 51 0.9595896208898407
27 52 0.9955414330115323
27 53 1.0315583868432536
27 54 1.0676349856767091
27 55 1.1037663150378725
27 56 1.1399479698801325
27 57 1.176175992114874
27 58 1.2124468168581426
27 59 1.2487572260470285
27 60 1.2851043083048692
27 61 1.3214854241196232
27 62 1.3578981755523027
27 63 1.3943403798182725
27 64 1.4308100461884126
27 65 1.4673053557435654
27 66 1.5038246435875715
27 67 1.5403663831841277
27 68 1.5769291725327916
27 69 1.6135117219414614
27 70 1.6501128431879135
28 1 1.20660381963748e-30
28 2 1.1915440229365047e-22
28 3 3.735690294894986e-18
28 4 4.328735076017704e-15
28 5 8.232787192713243e-13
28 6 4.992606031309171e-11
28 7 1.3757607833958183e-09
28 8 2.1282516116825054e-08
28 9 2.1183574156360302e-07
28 10 1.489070765588681e-06
28 11 7.899880586161628e-06
28 12 3.322190517635542e-05
28 13 0.00011495650036460216
28 14 0.000336974743478121
28 15 0.0008565308272184466
28 16 0.0019243916185307226
28 17 0.003883972753399411
28 18 0.007141270470524779
28 19 0.01211047614537207
28 20 0.019152318678477935
28 21 0.02852518689736093
28 22 0.04036175131796355
28 23 0.05467214651120815
28 24 0.07136597371778491
28 25 0.09028255893903812
28 26 0.11122079927551172
28 27 0.13396364957058554
28 28 0.1582956348169605
28 29 0.18401386054632055
28 30 0.21093390451245003
28 31 0.2388921206481933
28 32 0.26774566500643066
28 33 0.29737122130791094
28 34 0.32766309095934903
28 35 0.3585310662198995
28 36 0.3898983303641771
28 37 0.421699513177508
28 38 0.45387895823167695
28 39 0.48638921624013387
28 40 0.5191897558246751
28 41 0.552245871868122
28 42 0.5855277674098864
28 43 0.6190097846805024
28 44 0.652669762485462
28 45 0.686488499631064
28 46 0.7204493068123465
28 47 0.7545376320257539
28 48 0.7887407469699532
28 49 0.8230474839983419
28 50 0.857448014980511
28 51 0.8919336649381661
28 52 0.9264967545760031
28 53 0.9611304668651386
28 54 0.9958287336898978
28 55 1.030586139268822
28 56 1.065397837634329
28 57 1.100259481925224
28 58 1.1351671636311307
28 59 1.1701173602434465
28 60 1.205106890026561
28 61 1.240132872836103
28 62 1.27519269608655
28 63 1.3102839851154444
28 64 1.3454045773113776
28 65 1.3805524994723424
28 66 1.4157259479437143
28 67 1.4509232711539968
28 68 1.4861429542240123
28 69 1.5213836053733782
28 70 1.5566439438885695
29 1 4.160702826336139e-32
29 2 8.217544985768999e-24
29 3 3.864507201615504e-19
29 4 5.970669070369222e-16
29 5 1.419446067708011e-13
29 6 1.0329529719434298e-11
29 7 3.3208018863867947e-10
29 8 5.871038803828849e-09
29 9 6.574211276562346e-08
29 10 5.134719131931854e-07
29 11 2.9964827573777594e-06
29 12 1.3746538559187935e-05
29 13 5.1526301018131605e-05
29 14 0.0001626226626387217
29 15 0.0004426540396615371
29 16 0.0010596940404459302
29 17 0.0022680027531638007
29 18 0.0044010833790696985
29 19 0.007839509693216111
29 20 0.012960276298499619
29 21 0.02008329021532091
29 22 0.029431358449822496
29 23 0.04111293549006372
29 24 0.05512728324349264
29 25 0.07138497406081842
29 26 0.089734820852409
29 27 0.10999010174059688
29 28 0.13195004803329896
29 29 0.15541529257217815
29 30 0.18019768594597887
29 31 0.20612564650098564
29 32 0.23304634405465738
29 33 0.26082584223440347
29 34 0.2893480506820935
29 35 0.31851307508983706
29 36 0.3482353420233713
29 37 0.37844172300650586
29 38 0.40906977977895864
29 39 0.4400661875682021
29 40 0.4713853541941132
29 41 0.5029882309271584
29 42 0.5348412998759207
29 43 0.566915717996967
29 44 0.599186596830054
29 45 0.6316323980404337
29 46 0.6642344267608805
29 47 0.6969764069696962
29 48 0.7298441253885981
29 49 0.7628251324699021
29 50 0.7959084908944996
29 51 0.8290845636025451
29 52 0.8623448347372159
29 53 0.8956817580212341
29 54 0.9290886280337546
29 55 0.9625594706397144
29 56 0.9960889494707605
29 57 1.0296722858895255
29 58 1.0633051903070958
29 59 1.0969838030838064
29 60 1.1307046435399424
29 61 1.1644645658471295
29 62 1.1982607207725786
29 63 1.2320905224147616
29 64 1.2659516192067881
29 65 1.2998418685779956
29 66 1.333759314759168
29 67 1.3677021692958884
29 68 1.4016687939005323
29 69 1.4356576853286573
29 70 1.4696674620118788
30 1 1.386900942112046e-33
30 2 5.478363323845998e-25
30 3 3.8645072016155036e-20
30 4 7.960892093825623e-17
30 5 2.365743446179683e-14
30 6 2.0659059438655196e-12
30 7 7.748537732329384e-11
30 8 1.5656103384959338e-09
30 9 1.9722632533079503e-08
30 10 1.7115721651330505e-07
30 11 1.0987070521151079e-06
30 12 5.498539837785274e-06
30 13 2.2326913351265556e-05
30 14 7.58782363772341e-05
30 15 0.00022122909187955738
30 16 0.000564571881446324
30 17 0.0012822933153565615
30 18 0.0026290792305380404
30 19 0.004926402227686905
30 20 0.008529637737199532
30 21 0.01378152478878189
30 22 0.020965940098266894
30 23 0.030275214277509732
30 24 0.04179763645123817
30 25 0.05552390580814555
30 26 0.07136614943739676
30 27 0.08918195884027014
30 28 0.10879753782279046
30 29 0.1300266525686366
30 30 0.15268432406859256
30 31 0.17659561588982242
30 32 0.20160050608820876
30 33 0.22755595328645226
30 34 0.2543361279365632
30 35 0.28183155300108875
30 36 0.30994767560454706
30 37 0.338603209637337
30 38 0.36772845590937603
30 39 0.39726371522181747
30 40 0.42715785079727936
30 41 0.45736702043883026
30 42 0.4878535780128026
30 43 0.518585132858579
30 44 0.5495337507368255
30 45 0.5806752784502945
30 46 0.6119887747318876
30 47 0.6434560314261476
30 48 0.6750611708204803
30 49 0.7067903068875606
30 50 0.7386312600093154
30 51 0.770573316385275
30 52 0.8026070247558388
30 53 0.8347240242946878
30 54 0.866916898559155
30 55 0.8991790512540537
30 56 0.9315046002860118
30 57 0.9638882871836104
30 58 0.9963253994534297
30 59 1.0288117038507862
30 60 1.0613433888813375
30 61 1.093917015128315
30 62 1.1265294722303594
30 63 1.1591779415253556
30 64 1.1918598635334257
30 65 1.2245729095831293
30 66 1.2573149569937425
30 67 1.2900840673171239
30 68 1.3228784672183196
30 69 1.355696531637348
30 70 1.3885367689276473
31 1 4.473874006813053e-35
31 2 3.5344279508683866e-26
31 3 3.739845678982746e-21
31 4 1.027211883074274e-17
31 5 3.815715235773592e-15
31 6 3.998527633279842e-13
31 7 1.7496698103904168e-11
31 8 4.0402847381801244e-10
31 9 5.725925461189532e-09
31 10 5.5211995876941065e-08
31 11 3.8986336434037834e-07
31 12 2.128455330584968e-06
31 13 9.362690107334149e-06
31 14 3.426499065491632e-05
31 15 0.00010702265825493474
31 16 0.0002912275199421433
31 17 0.0007022925633619167
31 18 0.0015225592050774643
31 19 0.0030046059196733926
31 20 0.0054564505420611
31 21 0.009208958146140424
31 22 0.014573506988738617
31 23 0.021802189786768077
31 24 0.031061176706645887
31 25 0.042421913087210175
31 26 0.05586836974897165
31 27 0.07131463084019411
31 28 0.08862640877873705
31 29 0.10764156402629424
31 30 0.12818689402372205
31 31 0.15009032288146743
31 32 0.17318879874440543
31 33 0.1973327422527787
31 34 0.22238799903398074
31 35 0.24823613830824334
31 36 0.2747737508063534
31 37 0.30191120999771587
31 38 0.32957120380716215
31 39 0.35768722698622163
31 40 0.38620214300448635
31 41 0.41506687092819033
31 42 0.44423921944602157
31 43 0.47368287056703084
31 44 0.5033665047771292
31 45 0.5332630542619015
31 46 0.5633490689534413
31 47 0.5936041801983428
31 48 0.6240106478736672
31 49 0.6545529782542422
31 50 0.6852176015425641
31 51 0.7159925995386996
31 52 0.7468674753651929
31 53 0.7778329584353935
31 54 0.8088808389559453
31 55 0.8400038271938409
31 56 0.8711954335310765
31 57 0.9024498659938144
31 58 0.933761942496308
31 59 0.9651270154996507
31 60 0.9965409071667898
31 61 1.0279998534112977
31 62 1.0595004554992846
31 63 1.0910396380809106
31 64 1.122614612708072
31 65 1.1542228460444255
31 66 1.1858620320983848
31 67 1.217530067913385
31 68 1.2492250322362937
31 69 1.280945166757236
31 70 1.3126888595747446
32 1 1.398085627129079e-36
32 2 2.2090174692927416e-27
32 3 3.5061053240463244e-22
32 4 1.2840148538428425e-18
32 5 5.962055055896216e-16
32 6 7.497239312396707e-14
32 7 3.82740271016207e-12
32 8 1.0100711841369335e-10
32 9 1.610416526738431e-09
32 10 1.7253747758930234e-08
32 11 1.3401547924427945e-07
32 12 7.981690501021938e-07
32 13 3.8035572445767115e-06
32 14 1.4990419764932729e-05
32 15 5.016150263964611e-05
32 16 0.00014557136558329825
32 17 0.0003728310877856762
32 18 0.0008551375552996447
32 19 0.0017786406505783774
32 20 0.0033917745387675806
32 21 0.005988233392721759
32 22 0.009875367320101932
32 23 0.015335966262227014
32 24 0.02259408370354389
32 25 0.03179338344992201
32 26 0.042991202049012495
32 27 0.0561662447606295
32 28 0.07123482129042907
32 29 0.08807015786247023
32 30 0.10652066052516343
32 31 0.1264248532472932
32 32 0.14762227437711573
32 33 0.16996059931117763
32 34 0.1932997126610665
32 35 0.21751355207727055
32 36 0.24249045719808285
32 37 0.26813259911977516
32 38 0.2943549043483705
32 39 0.3210837512680538
32 40 0.3482556142275749
32 41 0.375815757758441
32 42 0.40371703501207634
32 43 0.4319188137672635
32 44 0.4603860348552592
32 45 0.48908839743536003
32 46 0.5179996602823252
32 47 0.5470970461170623
32 48 0.5763607357107144
32 49 0.6057734391855752
32 50 0.6353200331104033
32 51 0.66498725333755
32 52 0.6947634348820398
32 53 0.7246382914075314
32 54 0.7546027280193891
32 55 0.7846486820580495
32 56 0.8147689874394212
32 57 0.8449572588141508
32 58 0.8752077924285603
32 59 0.9055154810820406
32 60 0.9358757410031051
32 61 0.9662844488223223
32 62 0.9967378871165182
32 63 1.027232697244871
32 64 1.057765838402308
32 65 1.088334551985988
32 66 1.1189363305125712
32 67 1.1495688904423094
32 68 1.1802301483648272
32 69 1.2109182000841396
32 70 1.241631302209742
33 1 4.2366231125123604e-38
33 2 1.338798466238025e-28
33 3 3.1873684764057494e-23
33 4 1.5563816410216273e-19
33 5 9.033416751357895e-17
33 6 1.3631344204356627e-14
33 7 8.118733021524831e-13
33 8 2.448657415842204e-11
33 9 4.3920450658499717e-10
33 10 5.2284083215874015e-09
33 11 4.467182042804439e-08
33 12 2.902430592832254e-07
33 13 1.4983653366240096e-06
33 14 6.359476690261539e-06
33 15 2.2799539358867223e-05
33 16 7.056978310069213e-05
33 17 0.00019199291883960056
33 18 0.00046604013810271023
33 19 0.0010222476179526365
33 20 0.0020486722980476157
33 21 0.003788010486300528
33 22 0.006519198731296989
33 23 0.010527258083716228
33 24 0.016068996620626254
33 25 0.02334372068992845
33 26 0.03247568732438484
33 27 0.04351038530786597
33 28 0.05642242517531854
33 29 0.07113051180864792
33 30 0.08751482694216062
33 31 0.10543334567494887
33 32 0.12473518100801877
33 33 0.14527036159272638
33 34 0.1668962772707619
33 35 0.18948141579492153
33 36 0.21290710337738805
33 37 0.2370678905611886
33 38 0.2618710920329728
33 39 0.28723585069511465
33 40 0.3130919781019309
33 41 0.3393787325745281
33 42 0.36604363137905516
33 43 0.3930413493953307
33 44 0.42033272834913016
33 45 0.4478839032821369
33 46 0.4756655428898211
33 47 0.5036521950664208
33 48 0.5318217266611378
33 49 0.5601548458743726
33 50 0.5886346961349498
33 51 0.617246511214881
33 52 0.6459773224638452
33 53 0.6748157102106771
33 54 0.703751592490447
33 55 0.732776045267348
33 56 0.7618811492179168
33 57 0.7910598589145006
33 58 0.8203058909123191
33 59 0.84961362780591
33 60 0.8789780357945777
33 61 0.908394593693904
33 62 0.9378592316628277
33 63 0.9673682781933922
33 64 0.9969184141418899
33 65 1.0265066327733168
33 66 1.0561302049523122
33 67 1.085786648748373
33 68 1.1154737028357056
33 69 1.1451893031622995
33 70 1.1749315624417807
34 1 1.2460656213271646e-39
34 2 7.875285095517794e-30
34 3 2.8123839497697783e-24
34 4 1.8310372247313258e-20
34 5 1.3284436399055727e-17
34 6 2.4055313301805478e-15
34 7 1.671503857371402e-13
34 8 5.761546860664105e-12
34 9 1.1626001639790791e-10
34 10 1.5377671453679847e-09
34 11 1.4452647139917714e-08
34 12 1.0243869707372339e-07
34 13 5.729035349962644e-07
34 14 2.618591396060277e-06
34 15 1.005839097870159e-05
34 16 3.320696628603512e-05
34 17 9.597803231723119e-05
34 18 0.00024661220075263235
34 19 0.000570672653036864
34 20 0.0012026375415766948
34 21 0.0023308243485820547
34 22 0.0041909832090084075
34 23 0.0070471928504934065
34 24 0.011163435929741871
34 25 0.016772957277470944
34 26 0.024053204773052873
34 27 0.033111663563474135
34 28 0.043983851069099585
34 29 0.05664122322739102
34 30 0.0710049767009495
34 31 0.08696173657654362
34 32 0.10437818555128382
34 33 0.1231130295755993
34 34 0.14302580316831015
34 35 0.16398272055563454
34 36 0.18586011245804376
34 37 0.2085460689580032
34 38 0.23194085168400871
34 39 0.25595652637851
34 40 0.28051614798665475
34 41 0.30555272726222255
34 42 0.3310081276014857
34 43 0.3568319826284967
34 44 0.3829806851140036
34 45 0.40941647165641254
34 46 0.43610661122005023
34 47 0.4630226959827621
34 48 0.49014002768985143
34 49 0.5174370902317021
34 50 0.5448950983684492
34 51 0.5724976127027198
34 52 0.6002302116960737
34 53 0.6280802124556092
34 54 0.6560364330172119
34 55 0.6840889898268261
34 56 0.7122291250219236
34 57 0.7404490589206094
34 58 0.7687418638301923
34 59 0.7971013558941417
34 60 0.8255220022142429
34 61 0.8539988409233926
34 62 0.882527412254152
34 63 0.9111036989586913
34 64 0.939724074696039
34 65 0.9683852592204572
34 66 0.9970842793871155
34 67 1.0258184351438397
34 68 1.0545852698054896
34 69 1.0833825440146103
34 70 1.112208212881833
35 1 3.5601874895061847e-41
35 2 4.500162911724454e-31
35 3 2.410614814088381e-25
35 4 2.0926139711215152e-21
35 5 1.8977766284365324e-18
35 6 4.1237679945952146e-16
35 7 3.343007714742246e-14
35 8 1.3169249967156364e-12
35 9 2.989543278455782e-11
35 10 4.3936204085807334e-10
35 11 4.542260464040736e-09
35 12 3.51218353988701e-08
35 13 2.1279261966039706e-07
35 14 1.0474338156229335e-06
35 15 4.310695632210052e-06
35 16 1.5179823369161778e-05
35 17 4.6613427546171124e-05
35 18 0.0001267978619158617
35 19 0.00030961703595896144
35 20 0.0006863959667715136
35 21 0.0013952425438558363
35 22 0.0026233379375574266
35 23 0.004598605187013788
35 24 0.007570415644669358
35 25 0.011783047221969586
35 26 0.01744840491781647
35 27 0.0247246103410437
35 28 0.03370462179012259
35 29 0.044415548261694936
35 30 0.05682644798559871
35 31 0.0708610522381008
35 32 0.0864119603059389
35 33 0.10335379989136083
35 34 0.12155399402541467
35 35 0.14088071726473425
35 36 0.16120822294052845
35 37 0.1824200109924282
35 38 0.20441037876927107
35 39 0.22708485113266924
35 40 0.2503598911402879
35 41 0.2741621899434765
35 42 0.298427744267472
35 43 0.3231008586697653
35 44 0.34813315753217405
35 45 0.37348265541181463
35 46 0.39911291024914114
35 47 0.42499226861805933
35 48 0.45109320297686767
35 49 0.4773917357020515
35 50 0.5038669421113894
35 51 0.5305005237160975
35 52 0.557276442924412
35 53 0.5841806109249039
35 54 0.611200621239356
35 55 0.6383255222897248
35 56 0.6655456231773226
35 57 0.6928523276737356
35 58 0.7202379921478423
35 59 0.7476958037931231
35 60 0.7752196760750578
35 61 0.8028041587953487
35 62 0.8304443605758595
35 63 0.8581358819090921
35 64 0.8858747572121418
35 65 0.913657404565172
35 66 0.9414805820205229
35 67 0.9693413495407099
35 68 0.9972370357680486
35 69 1.02516520894993
35 70 1.053123651445678
36 1 9.889409693072734e-43
36 2 2.500090506513585e-32
36 3 2.0088456784069845e-26
36 4 2.3251266345794613e-22
36 5 2.6358008728285174e-19
36 6 6.872946657658689e-17
36 7 6.500292778665261e-15
36 8 2.92649999269756e-13
36 9 7.473858195916019e-12
36 10 1.220450112958429e-10
36 11 1.387912913263741e-09
36 12 1.1707278055108942e-08
36 13 7.684176297045e-08
36 14 4.07334946085855e-07
36 15 1.7961154375805494e-06
36 16 6.746485753609798e-06
36 17 2.2010870339137695e-05
36 18 6.339089312821724e-05
36 19 0.00016335841265303837
36 20 0.0003810695280637185
36 21 0.0008127574900878964
36 22 0.0015989563589636816
36 23 0.002924548912570896
36 24 0.005009023374196376
36 25 0.008087377728249454
36 26 0.012385518236668173
36 27 0.018096040212805305
36 28 0.025359958042331838
36 29 0.03425762065186069
36 30 0.04480903502329604
36 31 0.05698147233922008
36 32 0.07070120192843471
36 33 0.08586636783511858
36 34 0.10235886543928144
36 35 0.12005406168644894
36 36 0.1388280066879829
36 37 0.1585622974721427
36 38 0.1791470039834768
36 39 0.2004821333259704
36 40 0.22247807114866192
36 41 0.24505535821457852
36 42 0.2681440713066456
36 43 0.29168299839313655
36 44 0.31561873473025825
36 45 0.33990477959460685
36 46 0.36450068025586085
36 47 0.3893712475370511
36 48 0.41448585296608614
36 49 0.43981780871943654
36 50 0.46534382649199507
36 51 0.49104354879476875
36 52 0.5168991450806912
36 53 0.542894964919986
36 54 0.5690172407914161
36 55 0.5952538336701656
36 56 0.6215940153198348
36 57 0.6480282819416976
36 58 0.6745481945465713
36 59 0.7011462420667613
36 60 0.7278157238066807
36 61 0.7545506483392209
36 62 0.7813456463942577
36 63 0.8081958956618343
36 64 0.835097055752611
36 65 0.8620452118293126
36 66 0.8890368256518809
36 67 0.9160686929720924
36 68 0.9431379063759363
36 69 0.9702418228088764
36 70 0.9973780351342739
37 1 2.6728134305601986e-44
37 2 1.3514002737911273e-33
37 3 1.6287937933029607e-27
37 4 2.51365041576158e-23
37 5 3.5618930713898887e-20
37 6 1.1145318904311388e-17
37 7 1.2297851202880144e-15
37 8 6.327567551776658e-14
37 9 1.8179655071011206e-12
37 10 3.298513818403998e-11
37 11 4.1262275742464395e-10
37 12 3.79695500044819e-09
37 13 2.6998455185278945e-08
37 14 1.5412667357562974e-07
37 15 7.281535992793292e-07
37 16 2.9173795627445792e-06
37 17 1.0112879994962132e-05
37 18 3.083685809721072e-05
37 19 8.387305107496418e-05
37 20 0.0002059050645373219
37 21 0.0004609201753466631
37 22 0.0009492130577777144
37 23 0.001812661619974515
37 24 0.0032329025582412438
37 25 0.005420605923361153
37 26 0.008596860565962516
37 27 0.012970503775762202
37 28 0.018716665741700597
37 29 0.025961198643159898
37 30 0.03477348376689583
37 31 0.045167521693499454
37 32 0.05710929000685503
37 33 0.07052757091190959
37 34 0.0853256602002739
37 35 0.10139211742658946
37 36 0.11860956843865776
37 37 0.13686126142556898
37 38 0.15603551913407346
37 39 0.17602844684758373
37 40 0.19674531539713855
37 41 0.21810100858672948
37 42 0.24001985539760762
37 43 0.2624350901112792
37 44 0.28528811375109203
37 45 0.3085276739123468
37 46 0.3321090377182452
37 47 0.3559932024800105
37 48 0.38014616808879514
37 49 0.4045382817401111
37 50 0.42914365721143033
37 51 0.453939665979575
37 52 0.4789064948066753
37 53 0.5040267632190923
37 54 0.5292851939916661
37 55 0.5546683299574033
37 56 0.580164290949322
37 57 0.6057625652951859
37 58 0.6314538309354437
37 59 0.6572298018667894
37 60 0.6830830962001113
37 61 0.7090071226492792
37 62 0.7349959827325772
37 63 0.761044386373276
37 64 0.7871475789342602
37 65 0.8133012780195451
37 66 0.8395016186289442
37 67 0.8657451054670278
37 68 0.8920285713892661
37 69 0.9183491411217668
37 70 0.9447041995206232
38 1 7.033719554105787e-46
38 2 7.112633019953302e-35
38 3 1.2858898368181265e-28
38 4 2.6459478060648212e-24
38 5 4.686701409723537e-21
38 6 1.7597871954175874e-18
38 7 2.2653936426358133e-16
38 8 1.3321194845844752e-14
38 9 4.3057077799685107e-13
38 10 8.680299521829464e-12
38 11 1.194434297315329e-10
38 12 1.1990384166414703e-09
38 13 9.236313366650288e-09
38 14 5.6783502565484914e-08
38 15 2.8742884305475704e-07
38 16 1.2283667585961669e-06
38 17 4.5241374035823104e-06
38 18 1.4606482364865306e-05
38 19 4.1933008488119434e-05
38 20 0.0001083487770366622
38 21 0.00025460169321344484
38 22 0.000549023261822163
38 23 0.001095152156019116
38 24 0.002035253418694713
38 25 0.003546961427351409
38 26 0.005831926235820342
38 27 0.00909788017259569
38 28 0.013537844086000563
38 29 0.019311153021733196
38 30 0.026530202767034265
38 31 0.03525481607987213
38 32 0.04549390885560311
38 33 0.057212564192714956
38 34 0.0703420314821011
38 35 0.08479039853247033
38 36 0.10045234972404693
38 37 0.11721716079558353
38 38 0.13497467556269518
38 39 0.1536193915040717
38 40 0.17305297069682862
38 41 0.19318554668766968
38 42 0.21393617382774505
38 43 0.23523270649462188
38 44 0.25701132832538853
38 45 0.2792158900348948
38 46 0.30179716411059093
38 47 0.32471208646876726
38 48 0.3479230276313938
38 49 0.37139711700370653
38 50 0.39510563126937487
38 51 0.4190234499564736
38 52 0.44312857644263587
38 53 0.4674017200093733
38 54 0.4918259332743723
38 55 0.5163862989093907
38 56 0.5410696596425186
38 57 0.5658643859191871
38 58 0.5907601761110158
38 59 0.615747884725599
38 60 0.64081937463047
38 61 0.6659673898313011
38 62 0.6911854458234071
38 63 0.7164677349614763
38 64 0.7418090446652678
38 65 0.767204686601808
38 66 0.7926504352619662
38 67 0.8181424745862457
38 68 0.8436773514962885
38 69 0.8692519353597654
38 70 0.8948633825613596
39 1 1.803517834386099e-47
39 2 3.647504112796565e-36
39 3 9.891460283216358e-30
39 4 2.713792621604945e-25
39 5 6.008591550927612e-22
39 6 2.707364916027058e-19
39 7 4.066091153448895e-17
39 8 2.732552788891195e-15
39 9 9.936248722999976e-14
39 10 2.2257178260907987e-12
39 11 3.368917248435713e-11
39 12 3.6893489698577763e-10
39 13 3.0787710937802686e-09
39 14 2.0383820276299105e-08
39 15 1.1054952324593882e-07
39 16 5.039447178310263e-07
39 17 1.972050972039648e-06
39 18 6.7413549316866765e-06
39 19 2.0428044961752334e-05
39 20 5.5557455821023034e-05
39 21 0.00013705832414122882
39 22 0.0003095354875628041
39 23 0.0006451524237383275
39 24 0.001249919738852077
39 25 0.0022656570245873403
39 26 0.003865408049265566
39 27 0.006241745772079447
39 28 0.0095896545571011
39 29 0.014087528897612995
39 30 0.019880416793703927
39 31 0.027068754957736838
39 32 0.035704020037882055
39 33 0.04579082095657445
39 34 0.05729366923282845
39 35 0.07014622133812816
39 36 0.08426102767863808
39 37 0.0995384140584959
39 38 0.11587376289299264
39 39 0.13316297613876363
39 40 0.15130623321322578
39 41 0.17021032341839096
39 42 0.18978988150361992
39 43 0.20996783566878208
39 44 0.23067532653807254
39 45 0.2518512968133203
39 46 0.27344189685436293
39 47 0.2953998064535408
39 48 0.31768353853057885
39 49 0.34025676532277244
39 50 0.3630876901082313
39 51 0.3861484757475859
39 52 0.4094147337723378
39 53 0.43286507312339356
39 54 0.4564807050041204
39 55 0.48024509897597384
39 56 0.5041436849148097
39 57 0.5281635954382178
39 58 0.5522934436935079
39 59 0.5765231318232085
39 60 0.6008436859127065
39 61 0.6252471137201002
39 62 0.6497262819612531
39 63 0.6742748103576828
39 64 0.6988869800445774
39 65 0.7235576542796905
39 66 0.7482822096929574
39 67 0.7730564765749106
39 68 0.7978766869235737
39 69 0.8227394291588093
39 70 0.8476416085743546
40 1 4.508794585965248e-49
40 2 1.8237520563982826e-37
40 3 7.41859521241227e-31
40 4 2.713792621604945e-26
40 5 7.510739438659516e-23
40 6 4.061047374040587e-20
40 7 7.115659518535566e-18
40 8 5.465105577782375e-16
40 9 2.235655962674773e-14
40 10 5.564294565214613e-13
40 11 9.264522432886094e-12
40 12 1.106804690548994e-10
40 13 1.000600602397967e-09
40 14 7.1343369512796445e-09
40 15 4.145606663427866e-08
40 16 2.015777855483503e-07
40 17 8.381200103014695e-07
40 18 3.0335892687570277e-06
40 19 9.703123140996566e-06
40 20 2.777718468080078e-05
40 21 7.194575940893148e-05
40 22 0.0001701918377460663
40 23 0.000370723470504006
40 24 0.0007490156338857436
40 25 0.0014128346416366834
40 26 0.0025028407313137675
40 27 0.0041870439323911145
40 28 0.006648996609335902
40 29 0.010071574849039111
40 30 0.014619667511758808
40 31 0.020425395077965633
40 32 0.027578550896481906
40 33 0.03612331121305816
40 34 0.04606063600403528
40 35 0.057354726342082635
40 36 0.0699415758520197
40 37 0.08373789567229288
40 38 0.09864921858450329
40 39 0.11457654765398505
40 40 0.13142136196982038
40 41 0.14908908083651662
40 42 0.1674912341050991
40 43 0.1865466309847664
40 44 0.2061818041852405
40 45 0.22633096250028228
40 46 0.24693563338797575
40 47 0.26794412879616175
40 48 0.2893109271607159
40 49 0.31099603322652536
40 50 0.3329643543323702
40 51 0.35518511558629445
40 52 0.37763132536544886
40 53 0.40027929541074425
40 54 0.4231082153290999
40 55 0.44609977871149986
40 56 0.4692378567016408
40 57 0.4925082142685349
40 58 0.5158982643449889
40 59 0.5393968551896855
40 60 0.5629940866807439
40 61 0.5866811516684625
40 62 0.6104501989522134
40 63 0.634294214870541
40 64 0.6582069208876877
40 65 0.682182684916264
40 66 0.7062164444321711
40 67 0.7303036397150364
40 68 0.7544401557879117
40 69 0.77862227183724
40 70 0.8028466170718547
41 1 1.0997059965768896e-50
41 2 8.896351494625769e-39
41 3 5.428240399326051e-32
41 4 2.647602557663361e-27
41 5 9.159438339828678e-24
41 6 5.942996157132566e-21
41 7 1.21486869828656e-18
41 8 1.0663620639575359e-16
41 9 4.907537479042075e-15
41 10 1.357145015905248e-13
41 11 2.485603579531778e-12
41 12 3.23942836222388e-11
41 13 3.172636053209257e-10
41 14 2.436115039154447e-09
41 15 1.5166853017929245e-08
41 16 7.866448582039214e-08
41 17 3.4751288374554654e-07
41 18 1.33181563878487e-06
41 19 4.496525630119926e-06
41 20 1.3549469819630972e-05
41 21 3.684761598461633e-05
41 22 9.130690983149634e-05
41 23 0.00020788975530531238
41 24 0.00043812001719072406
41 25 0.0008602691195700845
41 26 0.0015832047836098135
41 27 0.002745824725258358
41 28 0.004510785971598795
41 29 0.007052764399896106
41 30 0.010543179906777098
41 31 0.0151344639940415
41 32 0.020947033812776714
41 33 0.02806119689616548
41 34 0.03651473314670138
41 35 0.046305511798124865
41 36 0.057397634383314126
41 37 0.06972935538820248
41 38 0.08322126983908434
41 39 0.09778372602386697
41 40 0.11332291152268856
41 41 0.1297454508296105
41 42 0.1469616054873072
41 43 0.1648872969115292
41 44 0.18344521273198366
41 45 0.20256524511624055
41 46 0.22218447175809716
41 47 0.24224684490567985
41 48 0.2627027108551992
41 49 0.2835082461206741
41 50 0.304624868121555
41 51 0.3260186571572612
41 52 0.3476598114360587
41 53 0.3695221466435659
41 54 0.3915826447514828
41 55 0.4138210524802612
41 56 0.4362195272715139
41 57 0.45876232723015975
41 58 0.48143554085805457
41 59 0.5042268522389383
41 60 0.5271253374580057
41 61 0.550121288321701
41 62 0.5732060598025859
41 63 0.5963719380190763
41 64 0.6196120259396334
41 65 0.642920144358269
41 66 0.6662907460142657
41 67 0.6897188410204622
41 68 0.7131999320212931
41 69 0.7367299577257462
41 70 0.7603052436542973
42 1 2.6183476108973563e-52
42 2 4.236357854583699e-40
42 3 3.8773145709471794e-33
42 4 2.521526245393677e-28
42 5 1.0904093261700808e-24
42 6 8.48999451018938e-22
42 7 2.0247811638109333e-19
42 8 2.0311658361095916e-17
42 9 1.0516151740804394e-15
42 10 3.231297656916818e-14
42 11 6.509914136852762e-13
42 12 9.255509606054117e-12
42 13 9.820063971103579e-11
42 14 8.120383444065969e-10
42 15 5.41673313853422e-09
42 16 2.996742081230144e-08
42 17 1.4065992787301263e-07
42 18 5.707773707375729e-07
42 19 2.034133400426044e-06
42 20 6.45204106380289e-06
42 21 1.8423129143920235e-05
42 22 4.782306238331033e-05
42 23 0.00011382072764683283
42 24 0.00025024465834354125
42 25 0.0005116248170940985
42 26 0.0009785299384789507
42 27 0.001760339454068259
42 28 0.002993686767458517
42 29 0.004835661116593288
42 30 0.0074522721446200774
42 31 0.011004134133299837
42 32 0.015632196657776223
42 33 0.02144627512654332
42 34 0.02851821101560682
42 35 0.03688017129157834
42 36 0.0465274091115664
42 37 0.05742409642410863
42 38 0.06951066851512228
42 39 0.08271135016173964
42 40 0.09694095152946207
42 41 0.11211045225798211
42 42 0.12813123367357
42 43 0.14491804089615143
42 44 0.16239087114891035
42 45 0.1804760216357271
42 46 0.1991065205482214
42 47 0.2182221320385657
42 48 0.2377690860784318
42 49 0.2576996458525457
42 50 0.2779715927443688
42 51 0.2985476832018091
42 52 0.31939511244859525
42 53 0.3404850061180836
42 54 0.36179195126759806
42 55 0.38329357180983814
42 56 0.40497014928280073
42 57 0.4268042873775231
42 58 0.4487806172369467
42 59 0.4708855398565627
42 60 0.4931070016964388
42 61 0.5154342996751959
42 62 0.5378579119390288
42 63 0.560369351104144
42 64 0.5829610370088215
42 65 0.6056261863509466
42 66 0.6283587169104465
42 67 0.6511531643541546
42 68 0.6740046098890731
42 69 0.6969086172680123
42 70 0.7198611778602151
43 1 6.089180490458969e-54
43 2 1.970399002131953e-41
43 3 2.7051031890329156e-34
43 4 2.3456058096685365e-29
43 5 1.267917821128001e-25
43 6 1.184650396770611e-22
43 7 3.296155382948031e-20
43 8 3.778913183459706e-18
43 9 2.2010550155171964e-16
43 10 7.5146457137598e-15
43 11 1.6653268722170644e-13
43 12 2.5829329132935213e-12
43 13 2.968856549111864e-11
43 14 2.64384577033969e-10
43 15 1.8895580613464733e-09
43 16 1.1150667875071686e-08
43 17 5.560973110447912e-08
43 18 2.3892992579342167e-07
43 19 8.988013021390614e-07
43 20 3.000929969877949e-06
43 21 8.997176383911619e-06
43 22 2.4466443252149387e-05
43 23 6.087392560821711e-05
43 24 0.00013963649392828437
43 25 0.0002973041808110681
43 26 0.0005910908650190249
43 27 0.0011033870888219487
43 28 0.0019435590230439269
43 29 0.0032455653685645996
43 30 0.00516079995006959
43 31 0.007846865024564607
43 32 0.011454208193995128
43 33 0.016113201138378164
43 34 0.02192404848753542
43 35 0.028951025302323987
43 36 0.03722136599783862
43 37 0.04672811218685653
43 38 0.05743564271925941
43 39 0.06928649179277586
43 40 0.0822082804037881
43 41 0.09611996038796221
43 42 0.11093694936013063
43 43 0.12657503482320975
43 44 0.14295312115782016
43 45 0.15999499501774833
43 46 0.17763031848682487
43 47 0.19579505163997837
43 48 0.21443147773870674
43 49 0.23348796903925853
43 50 0.25291859701418873
43 51 0.2726826614044864
43 52 0.2927441890751024
43 53 0.31307143590941444
43 54 0.33363641211032113
43 55 0.3544144422758626
43 56 0.37538376554242786
43 57 0.396525177144401
43 58 0.4178217102996049
43 59 0.43925835592363166
43 60 0.4608218169596253
43 61 0.48250029383971765
43 62 0.5042832976013103
43 63 0.5261614873513668
43 64 0.5481265290290226
43 65 0.5701709727122558
43 66 0.5922881460175794
43 67 0.6144720614345306
43 68 0.6367173357091576
43 69 0.6590191196379245
43 70 0.6813730368540114
44 1 1.3839046569224927e-55
44 2 8.956359100599786e-43
44 3 1.8443885379769879e-35
44 4 2.1323689178804877e-30
44 5 1.4408157058272737e-26
44 6 1.6154323592326515e-23
44 7 5.243883563780958e-21
44 8 6.87075124265401e-19
44 9 4.502157986285174e-17
44 10 1.7078740258544872e-15
44 11 4.163317180541967e-14
44 12 7.044362490782318e-13
44 13 8.771621622115544e-12
44 14 8.412236539765857e-11
44 15 6.441675196963785e-10
44 16 4.0547882729942885e-09
44 17 2.148557673192342e-08
44 18 9.774403719787877e-08
44 19 3.881183952641847e-07
44 20 1.3640549837837681e-06
44 21 4.294068276013589e-06
44 22 1.2232922329974698e-05
44 23 3.181852419491141e-05
44 24 7.615472634553579e-05
44 25 0.0001688726234693067
44 26 0.0003490746308675444
44 27 0.0006763321846676968
44 28 0.0012344111364891205
44 29 0.002132202426925614
44 30 0.003500661027428249
44 31 0.005485429659350036
44 32 0.008235996414381138
44 33 0.011893262325737518
44 34 0.016577856465935167
44 35 0.02238126412822882
44 36 0.029360988797241923
44 37 0.037539924533843944
44 38 0.04690924687730421
44 39 0.05743365065180838
44 40 0.06905768669520382
44 41 0.08171215739328873
44 42 0.09531986564480031
44 43 0.10980034677027103
44 44 0.12507347721576503
44 45 0.1410620266529785
44 46 0.1576933108441087
44 47 0.17490013356800782
44 48 0.19262119990318313
44 49 0.21080115843873623
44 50 0.22939039877925754
44 51 0.24834470012489834
44 52 0.26762480016877976
44 53 0.28719593219353184
44 54 0.3070273619480703
44 55 0.32709194395506586
44 56 0.3473657084766355
44 57 0.3678274846209725
44 58 0.3884585612969532
44 59 0.40924238535185686
44 60 0.43016429482891083
44 61 0.4512112845398702
44 62 0.47237180083662766
44 63 0.4936355624263876
44 64 0.5149934041986792
44 65 0.5364371412467416
44 66 0.5579594505230716
44 67 0.5795537678390793
44 68 0.6012141981835059
44 69 0.6229354375831011
44 70 0.6447127049566826
45 1 3.075343682049984e-57
45 2 3.9806040447110165e-44
45 3 1.2295923586513253e-36
45 4 1.8954390381159893e-31
45 5 1.6009063398080817e-27
45 6 2.153909812310202e-24
45 7 8.157152210325935e-22
45 8 1.2214668875829354e-19
45 9 9.004315972570347e-18
45 10 3.795275613009965e-16
45 11 1.0176997552435496e-14
45 12 1.878496664207295e-13
45 13 2.5340240241444857e-12
45 14 2.6171402565958846e-11
45 15 2.1472250642714226e-10
45 16 1.4417024912188378e-09
45 17 8.116773257666405e-09
45 18 3.909761105759316e-08
45 19 1.6387214773197186e-07
45 20 6.062458325068031e-07
45 21 2.00388992396619e-06
45 22 5.980466647181415e-06
45 23 1.6262283813305964e-05
45 24 4.0612761197237306e-05
45 25 9.380228351191079e-05
45 26 0.00020161718505679765
45 27 0.0004055250411635905
45 28 0.0007671310853272445
45 29 0.0013711624126392348
45 30 0.0023256327662964154
45 31 0.0037582360038653628
45 32 0.005808866755567229
45 33 0.008619215119087578
45 34 0.012321231937496591
45 35 0.01702657363577039
45 36 0.022818808263988168
45 37 0.029749371028916827
45 38 0.03783733216299972
45 39 0.04707229671972184
45 40 0.057419362079043655
45 41 0.06882501412694875
45 42 0.08122303879038505
45 43 0.09453982571153181
45 44 0.10869873753811446
45 45 0.12362345197548015
45 46 0.13924033691022233
45 47 0.1554800000600419
45 48 0.1722781829190538
45 49 0.1895761641695359
45 50 0.2073208161694829
45 51 0.22546443044141412
45 52 0.2439644006635896
45 53 0.2627828276533572
45 54 0.28188609134283954
45 55 0.30124441975007826
45 56 0.32083147387875915
45 57 0.34062395959409875
45 58 0.36060127209106146
45 59 0.38074517496042154
45 60 0.40103951355730644
45 61 0.421469960992834
45 62 0.4420237943104905
45 63 0.4626896980641504
45 64 0.4834575924352868
45 65 0.5043184831100612
45 66 0.5252643303130179
45 67 0.5462879346169905
45 68 0.5673828373889646
45 69 0.5885432339706652
45 70 0.6097638979198077
46 1 6.685529743586921e-59
46 2 1.73069741074392e-45
46 3 8.019080599899947e-38
46 4 1.6482078592312947e-32
46 5 1.7401155867479148e-28
46 6 2.8094475812741763e-25
46 7 1.2413057711365553e-22
46 8 2.12429023927467e-20
46 9 1.7617139946333285e-18
46 10 8.250599158717312e-17
46 11 2.4336298494954194e-15
46 12 4.900426080539849e-14
46 13 7.161372242129311e-13
46 14 7.96520947638771e-12
46 15 7.001820860251189e-11
46 16 5.014617353531588e-10
46 17 2.9996770491377118e-09
46 18 1.529906459829262e-08
46 19 6.768631079739159e-08
46 20 2.6358498477087675e-07
46 21 9.148174799214695e-07
46 22 2.860206073719736e-06
46 23 8.13100967786591e-06
46 24 2.1188406191921252e-05
46 25 5.097472036347569e-05
46 26 0.00011393456821300533
46 27 0.00023792908143895416
46 28 0.00046659141950410027
46 29 0.0008632448286714513
46 30 0.0015131978789285356
46 31 0.002523241327072638
46 32 0.004017613007843554
46 33 0.006130509794032302
46 34 0.008996153821242294
46 35 0.012738115222572455
46 36 0.017459786256890625
46 37 0.02323753972352907
46 38 0.030117365795939037
46 39 0.0381149623163231
46 40 0.04721861719135164
46 41 0.057393898458345
46 42 0.06858914691186857
46 43 0.08074094960117897
46 44 0.09377904199847216
46 45 0.10763035019922865
46 46 0.12222209168599261
46 47 0.1374839893837127
46 48 0.15334972647064624
46 49 0.16975779536666788
46 50 0.18665189087244602
46 51 0.20398097859129485
46 52 0.22169914515342107
46 53 0.23976531212468416
46 54 0.25814287372118944
46 55 0.276799300643712
46 56 0.2957057385331126
46 57 0.3148366192686888
46 58 0.3341692959462888
46 59 0.3536837072386244
46 60 0.37336207339026417
46 61 0.39318862387211634
46 62 0.4131493553558547
46 63 0.43323181789864024
46 64 0.4534249268565386
46 65 0.4737187979315339
46 66 0.4941046028045662
46 67 0.5145744429490094
46 68 0.5351212394109225
46 69 0.5557386365552959
46 70 0.5764209179930535
47 1 1.4224531369333876e-60
47 2 7.364669832952852e-47
47 3 5.11856208504252e-39
47 4 1.4027300929628042e-33
47 5 1.8511867944126755e-29
47 6 3.586528827158523e-26
47 7 1.8487532761608273e-23
47 8 3.615813173233481e-21
47 9 3.373494883340417e-19
47 10 1.755446629514322e-17
47 11 5.695729434989267e-16
47 12 1.2511726163079854e-14
47 13 1.9808050882471142e-13
47 14 2.3726155886923347e-12
47 15 2.2346236786471068e-11
47 16 1.7071037790695996e-10
47 17 1.0849895677100859e-09
47 18 5.8592161394928185e-09
47 19 2.736254932134361e-08
47 20 1.1216379374206422e-07
47 21 4.087478617799039e-07
47 22 1.3388160350045897e-06
47 23 3.978972382913982e-06
47 24 1.0819382427000817e-05
47 25 2.711283089032268e-05
47 26 6.30204532714028e-05
47 27 0.00013665015076050772
47 28 0.00027783971867158545
47 29 0.0005321810236849207
47 30 0.0009644116409007043
47 31 0.0016600767818123108
47 32 0.0027244503034682377
47 33 0.004278173111521506
47 34 0.006449832272547251
47 35 0.009366518690579403
47 36 0.013143962526862665
47 37 0.017877942926612028
47 38 0.02363828768648177
47 39 0.030466095089823734
47 40 0.038374085911410144
47 41 0.047349448372157925
47 42 0.05735827406858539
47 43 0.06835068056745228
47 44 0.08026588765157561
47 45 0.09303675660259601
47 46 0.10659353664157913
47 47 0.12086674684379632
47 48 0.13578924329185724
47 49 0.1512975865950452
47 50 0.16733284873264484
47 51 0.18384099567306963
47 52 0.2007729657242836
47 53 0.2180845416455218
47 54 0.23573609237536153
47 55 0.2536922404782493
47 56 0.2719214951192181
47 57 0.29039587764073493
47 58 0.3090905572634031
47 59 0.32798350751304023
47 60 0.3470551891233039
47 61 0.36628826186886815
47 62 0.38566732563087325
47 63 0.4051786896558488
47 64 0.4248101681934202
47 65 0.44455090030437927
47 66 0.46439119148811175
47 67 0.4843223747946957
47 68 0.5043366891986526
47 69 0.5244271731753796
47 70 0.5445875716094154
48 1 2.963444035277891e-62
48 2 3.068612430397022e-48
48 3 3.199101303151575e-40
48 4 1.1689417441356702e-34
48 5 1.9283195775132038e-30
48 6 4.483161033948154e-27
48 7 2.6960985277345397e-24
48 8 6.026355288722469e-22
48 9 6.325302906263281e-20
48 10 3.657180478154837e-18
48 11 1.3052713288517063e-16
48 12 3.1279315407699243e-15
48 13 5.364680447334872e-14
48 14 6.920128800336225e-13
48 15 6.983198995616161e-12
48 16 5.690345929260598e-11
48 17 3.8426713814706294e-10
48 18 2.197206039435902e-09
48 19 1.0831008810001167e-08
48 20 4.6734908817228755e-08
48 21 1.7882711643350647e-07
48 22 6.136231945151981e-07
48 23 1.9065833472371323e-06
48 24 5.409632684615604e-06
48 25 1.412088323159065e-05
48 26 3.4133927719746354e-05
48 27 7.685520752709027e-05
48 28 0.00016202815136909826
48 29 0.0003213550161015377
48 30 0.0006021765295080054
48 31 0.0010703560483629575
48 32 0.0018113652277676753
48 33 0.0029287144666883254
48 34 0.004539353126760833
48 35 0.0067663758262368826
48 36 0.009730080087098799
48 37 0.013538867243395047
48 38 0.018281501037597295
48 39 0.024021850285451708
48 40 0.030796613051169108
48 41 0.03861587987410708
48 42 0.04746592620578174
48 43 0.05731340759367518
48 44 0.06811014262475926
48 45 0.0797978281956768
48 46 0.09231225007109362
48 47 0.1055867612730391
48 48 0.11955496505522395
48 49 0.13415264780141886
48 50 0.14931906606792744
48 51 0.16499771389618206
48 52 0.1811366947873555
48 53 0.19768880826199667
48 54 0.21461144135759758
48 55 0.23186633542304133
48 56 0.2494192806105688
48 57 0.2672397755399391
48 58 0.2853006778543254
48 59 0.30357786250405416
48 60 0.3220498981088294
48 61 0.34069774716132556
48 62 0.35950449269132917
48 63 0.37845509193108196
48 64 0.3975361562090814
48 65 0.41673575552235737
48 66 0.4360432458264602
48 67 0.4554491169151188
48 68 0.47494485875057246
48 69 0.49452284419026094
48 70 0.514176226194505
49 1 6.0478449699548795e-64
49 2 1.2524948695498047e-49
49 3 1.9586334509091276e-41
49 4 9.542381584780981e-36
49 5 1.967673038278779e-31
49 6 5.489584939528353e-28
49 7 3.8515693253350567e-25
49 8 9.838947410159131e-23
49 9 1.1617903297218272e-20
49 10 7.463633628887423e-19
49 11 2.930200942320157e-17
49 12 7.660240508007955e-16
49 13 1.423282567660196e-14
49 14 1.9771796572375531e-13
49 15 2.1377139782349172e-12
49 16 1.858072140060995e-11
49 17 1.3331717032632305e-10
49 18 8.071369106723954e-10
49 19 4.199778880839141e-09
49 20 1.9075472095133528e-08
49 21 7.664017905187483e-08
49 22 2.755041223592672e-07
49 23 8.949251710251441e-07
49 24 2.649601675419492e-06
49 25 7.2044305280934e-06
49 26 1.8111261806057888e-05
49 27 4.234553334629657e-05
49 28 9.257251571446735e-05
49 29 0.0001901286046262315
49 30 0.0003684576313243425
49 31 0.0006764399989527395
49 32 0.001180793545275112
49 33 0.001966639812320987
49 34 0.0031355219892676297
49 35 0.00480064263787389
49 36 0.007079743793961204
49 37 0.010086664277250523
49 38 0.01392295802893329
49 39 0.018670921772342718
49 40 0.024388993879455725
49 41 0.031109909882361696
49 42 0.03884143492125673
49 43 0.0475690925279812
49 44 0.05726013229395831
49 45 0.06786800071083281
49 46 0.07933672780190586
49 47 0.09160483925385685
49 48 0.10460859132844993
49 49 0.11828447260734863
49 50 0.1325710139553706
49 51 0.14741000125145054
49 52 0.16274720560065034
49 53 0.17853274463775418
49 54 0.1947211758209582
49 55 0.21127140511386303
49 56 0.2281464763956416
49 57 0.24531329058789025
49 58 0.2627422897949973
49 59 0.28040713089362646
49 60 0.29828436473912073
49 61 0.31635313107494434
49 62 0.33459487489427
49 63 0.3529930870039784
49 64 0.3715330695373138
49 65 0.39020172587765883
49 66 0.408987373681059
49 67 0.42787957926131753
49 68 0.4468690114134113
49 69 0.4659473127162031
49 70 0.4851069864161203
50 1 1.209568993990976e-65
50 2 5.0099794781992193e-51
50 3 1.1751800705454766e-42
50 4 7.633905267824786e-37
50 5 1.9676730382787793e-32
50 6 6.587501927434024e-29
50 7 5.392197055469079e-26
50 8 1.574231585625461e-23
50 9 2.0912225934992888e-21
50 10 1.4927267257774849e-19
50 11 6.446442073104344e-18
50 12 1.838457721921908e-16
50 13 3.700534675916456e-15
50 14 5.5361030402640546e-14
50 15 6.413141934691043e-13
50 16 5.945830848084707e-12
50 17 4.532783790490685e-11
50 18 2.905692876075331e-10
50 19 1.5959159680163796e-09
50 20 7.630188692503962e-09
50 21 3.218887273482646e-08
50 22 1.2122178044097734e-07
50 23 4.1166521026200764e-07
50 24 1.2718054344235464e-06
50 25 3.602189312324051e-06
50 26 9.41768557298108e-06
50 27 2.2865619750136537e-05
50 28 5.1835810228744754e-05
50 29 0.00011025362831470781
50 30 0.00022099315218121395
50 31 0.0004191092970582353
50 32 0.0007548165864229569
50 33 0.0012954346228283382
50 34 0.0021254904307184924
50 35 0.0033443946031818128
50 36 0.005061580836139773
50 37 0.007389595199245813
50 38 0.010436146078159275
50 39 0.014296392162730251
50 40 0.01904666608108887
50 41 0.02474045284507741
50 42 0.03140691566305183
50 43 0.0390517626625865
50 44 0.04765990400995588
50 45 0.0571992049570644
50 46 0.0676246695749887
50 47 0.07888252763470992
50 48 0.09091387525289606
50 49 0.10365768817743659
50 50 0.11705315809944844
50 51 0.13104138983666494
50 52 0.14556654534141988
50 53 0.16057653907120556
50 54 0.17602338867236283
50 55 0.19186331374131899
50 56 0.20805665975041462
50 57 0.2245677078883288
50 58 0.24136441665518085
50 59 0.25841812847726797
50 60 0.2757032645608963
50 61 0.29319702350406657
50 62 0.31087909347903353
50 63 0.3287313836982709
50 64 0.34673777801667777
50 65 0.3648839115925518
50 66 0.38315697027757917
50 67 0.4015455116367587
50 68 0.42003930606582757
50 69 0.438629196268285
50 70 0.457306973298605
