1 1 1 1708 1064 0.6230
1 1 2 1655 565 0.3414
1 2 2 3260 1748 0.5362
1 2 3 3302 1144 0.3465
1 2 4 3324 644 0.1937
1 3 3 4954 2479 0.5004
1 3 4 4946 1719 0.3476
1 3 5 4857 996 0.2051
1 3 6 4949 652 0.1317
1 4 4 6668 3170 0.4754
1 4 5 6668 2332 0.3497
1 4 6 6645 1599 0.2406
1 4 7 6489 978 0.1507
1 4 8 6600 643 0.9742E-01
1 5 5 8193 3687 0.4500
1 5 6 8185 2788 0.3406
1 5 7 8277 2086 0.2520
1 5 8 8238 1439 0.1747
1 5 9 8279 979 0.1183
1 5 10 8198 586 0.7148E-01
1 6 6 10031 4435 0.4421
1 6 7 9978 3484 0.3492
1 6 8 9850 2554 0.2593
1 6 9 9990 1981 0.1983
1 6 10 10053 1430 0.1422
1 6 11 10019 949 0.9472E-01
1 6 12 10038 601 0.5987E-01
1 7 7 11856 5187 0.4375
1 7 8 11669 4074 0.3491
1 7 9 11555 3131 0.2710
1 7 10 11481 2311 0.2013
1 7 11 11572 1772 0.1531
1 7 12 11621 1245 0.1071
1 7 13 11712 893 0.7625E-01
1 7 14 11784 605 0.5134E-01
1 8 8 13459 5741 0.4266
1 8 9 13355 4678 0.3503
1 8 10 13174 3626 0.2752
1 8 11 13200 2879 0.2181
1 8 12 13294 2250 0.1692
1 8 13 13230 1604 0.1212
1 8 14 13212 1121 0.8485E-01
1 8 15 13597 935 0.6877E-01
1 8 16 13446 577 0.4291E-01
1 9 9 14962 6159 0.4116
1 9 10 14936 5173 0.3463
1 9 11 14803 4128 0.2789
1 9 12 14904 3438 0.2307
1 9 13 15030 2800 0.1863
1 9 14 15072 2130 0.1413
1 9 15 14864 1477 0.9937E-01
1 9 16 14959 1087 0.7267E-01
1 9 17 15022 752 0.5006E-01
1 9 18 15038 500 0.3325E-01
1 10 10 16787 6896 0.4108
1 10 11 16740 5867 0.3505
1 10 12 16821 4963 0.2950
1 10 13 16726 4081 0.2440
1 10 14 16607 3212 0.1934
1 10 15 16781 2613 0.1557
1 10 16 16714 1983 0.1186
1 10 17 16726 1453 0.8687E-01
1 10 18 16768 1088 0.6489E-01
1 10 19 16662 669 0.4015E-01
1 10 20 16706 479 0.2867E-01
1 11 11 18552 7580 0.4086
1 11 12 18480 6478 0.3505
1 11 13 18451 5512 0.2987
1 11 14 18252 4474 0.2451
1 11 15 18520 3878 0.2094
1 11 16 18376 3024 0.1646
1 11 17 18472 2449 0.1326
1 11 18 18219 1697 0.9314E-01
1 11 19 18481 1379 0.7462E-01
1 11 20 18418 962 0.5223E-01
1 11 21 17965 523 0.2911E-01
1 11 22 18161 390 0.2147E-01
1 12 12 19961 7902 0.3959
1 12 13 20074 6989 0.3482
1 12 14 20031 5987 0.2989
1 12 15 19945 5054 0.2534
1 12 16 19899 4180 0.2101
1 12 17 20030 3491 0.1743
1 12 18 20195 2945 0.1458
1 12 19 19892 2078 0.1045
1 12 20 19951 1599 0.8015E-01
1 12 21 20021 1250 0.6243E-01
1 12 22 20153 896 0.4446E-01
1 12 23 20121 612 0.3042E-01
1 12 24 19995 391 0.1955E-01
1 13 13 21697 8558 0.3944
1 13 14 21753 7576 0.3483
1 13 15 21701 6537 0.3012
1 13 16 21869 5778 0.2642
1 13 17 21425 4592 0.2143
1 13 18 21552 3895 0.1807
1 13 19 21720 3285 0.1512
1 13 20 21964 2793 0.1272
1 13 21 21681 2010 0.9271E-01
1 13 22 21590 1476 0.6836E-01
1 13 23 21724 1134 0.5220E-01
1 13 24 21837 810 0.3709E-01
1 13 25 21785 582 0.2672E-01
1 13 26 21789 384 0.1762E-01
1 14 14 23210 9009 0.3882
1 14 15 23503 8207 0.3492
1 14 16 23364 7110 0.3043
1 14 17 23498 6290 0.2677
1 14 18 23385 5343 0.2285
1 14 19 23231 4435 0.1909
1 14 20 23212 3680 0.1585
1 14 21 23269 2931 0.1260
1 14 22 23382 2405 0.1029
1 14 23 23295 1830 0.7856E-01
1 14 24 23321 1368 0.5866E-01
1 14 25 23368 1045 0.4472E-01
1 14 26 23488 746 0.3176E-01
1 14 27 23294 502 0.2155E-01
1 14 28 23331 398 0.1706E-01
1 15 15 24918 9593 0.3850
1 15 16 25178 8786 0.3490
1 15 17 25061 7653 0.3054
1 15 18 25057 6751 0.2694
1 15 19 24608 5505 0.2237
1 15 20 24837 4848 0.1952
1 15 21 24984 4175 0.1671
1 15 22 24868 3353 0.1348
1 15 23 25180 2896 0.1150
1 15 24 25043 2159 0.8621E-01
1 15 25 25039 1696 0.6773E-01
1 15 26 24909 1247 0.5006E-01
1 15 27 25118 960 0.3822E-01
1 15 28 24961 652 0.2612E-01
1 15 29 25194 521 0.2068E-01
1 15 30 25121 377 0.1501E-01
1 16 16 26663 10226 0.3835
1 16 17 26763 9284 0.3469
1 16 18 26697 8210 0.3075
1 16 19 26293 6895 0.2622
1 16 20 26614 6343 0.2383
1 16 21 26797 5598 0.2089
1 16 22 26841 4852 0.1808
1 16 23 26714 3974 0.1488
1 16 24 26523 3056 0.1152
1 16 25 26688 2550 0.9555E-01
1 16 26 26759 2056 0.7683E-01
1 16 27 26870 1618 0.6022E-01
1 16 28 26769 1209 0.4516E-01
1 16 29 26751 878 0.3282E-01
1 16 30 26745 623 0.2329E-01
1 16 31 26745 466 0.1742E-01
1 16 32 26613 276 0.1037E-01
1 17 17 28275 10757 0.3804
1 17 18 28289 9709 0.3432
1 17 19 28548 8939 0.3131
1 17 20 28449 7895 0.2775
1 17 21 28371 6949 0.2449
1 17 22 28441 6134 0.2157
1 17 23 28239 5096 0.1805
1 17 24 28178 4277 0.1518
1 17 25 28339 3617 0.1276
1 17 26 28650 3179 0.1110
1 17 27 28350 2374 0.8374E-01
1 17 28 28465 1907 0.6699E-01
1 17 29 28282 1408 0.4978E-01
1 17 30 28710 1230 0.4284E-01
1 17 31 28464 817 0.2870E-01
1 17 32 28347 574 0.2025E-01
1 17 33 28357 416 0.1467E-01
1 17 34 28463 303 0.1065E-01
1 18 18 30048 11446 0.3809
1 18 19 30119 10410 0.3456
1 18 20 29907 9215 0.3081
1 18 21 30052 8356 0.2781
1 18 22 29769 7200 0.2419
1 18 23 29774 6337 0.2128
1 18 24 30210 5861 0.1940
1 18 25 30116 4943 0.1641
1 18 26 30206 4267 0.1413
1 18 27 29997 3393 0.1131
1 18 28 30081 2835 0.9425E-01
1 18 29 30204 2294 0.7595E-01
1 18 30 29923 1677 0.5604E-01
1 18 31 30019 1315 0.4381E-01
1 18 32 29863 936 0.3134E-01
1 18 33 30279 820 0.2708E-01
1 18 34 30058 560 0.1863E-01
1 18 35 29963 375 0.1252E-01
1 18 36 29844 253 0.8477E-02
1 19 19 31680 11934 0.3767
1 19 20 31370 10587 0.3375
1 19 21 31703 9864 0.3111
1 19 22 32012 9190 0.2871
1 19 23 31887 8144 0.2554
1 19 24 31680 7074 0.2233
1 19 25 31585 6156 0.1949
1 19 26 31494 5228 0.1660
1 19 27 31660 4557 0.1439
1 19 28 31723 3891 0.1227
1 19 29 31567 3103 0.9830E-01
1 19 30 31842 2613 0.8206E-01
1 19 31 31489 1953 0.6202E-01
1 19 32 31780 1676 0.5274E-01
1 19 33 31554 1203 0.3813E-01
1 19 34 31968 972 0.3041E-01
1 19 35 31989 691 0.2160E-01
1 19 36 31452 445 0.1415E-01
1 19 37 31818 390 0.1226E-01
1 19 38 31825 302 0.9489E-02
1 20 20 33243 12438 0.3742
1 20 21 33449 11528 0.3446
1 20 22 33544 10595 0.3159
1 20 23 33785 9852 0.2916
1 20 24 33242 8443 0.2540
1 20 25 33474 7708 0.2303
1 20 26 33320 6706 0.2013
1 20 27 32910 5531 0.1681
1 20 28 33542 5224 0.1557
1 20 29 33198 4235 0.1276
1 20 30 33444 3653 0.1092
1 20 31 33671 3124 0.9278E-01
1 20 32 33504 2458 0.7336E-01
1 20 33 32837 1715 0.5223E-01
1 20 34 33140 1400 0.4225E-01
1 20 35 33331 1120 0.3360E-01
1 20 36 33424 876 0.2621E-01
1 20 37 33250 641 0.1928E-01
1 20 38 33409 506 0.1515E-01
1 20 39 32978 283 0.8581E-02
1 20 40 33001 220 0.6666E-02
1 21 21 34995 13090 0.3741
1 21 22 34908 11891 0.3406
1 21 23 35376 11259 0.3183
1 21 24 34924 9900 0.2835
1 21 25 35040 9046 0.2582
1 21 26 34895 8046 0.2306
1 21 27 34785 7062 0.2030
1 21 28 35114 6466 0.1841
1 21 29 34782 5393 0.1551
1 21 30 34869 4665 0.1338
1 21 31 34626 3721 0.1075
1 21 32 34751 3230 0.9295E-01
1 21 33 34708 2552 0.7353E-01
1 21 34 35223 2281 0.6476E-01
1 21 35 35075 1747 0.4981E-01
1 21 36 35104 1339 0.3814E-01
1 21 37 35114 1070 0.3047E-01
1 21 38 35091 837 0.2385E-01
1 21 39 35292 635 0.1799E-01
1 21 40 34881 440 0.1261E-01
1 21 41 34923 303 0.8676E-02
1 21 42 35146 258 0.7341E-02
1 22 22 36532 13531 0.3704
1 22 23 36736 12617 0.3435
1 22 24 36774 11575 0.3148
1 22 25 36499 10352 0.2836
1 22 26 37055 9921 0.2677
1 22 27 36589 8583 0.2346
1 22 28 36773 7855 0.2136
1 22 29 36933 7100 0.1922
1 22 30 36673 6031 0.1645
1 22 31 36789 5326 0.1448
1 22 32 36481 4312 0.1182
1 22 33 36659 3748 0.1022
1 22 34 36708 3169 0.8633E-01
1 22 35 36525 2488 0.6812E-01
1 22 36 37044 2208 0.5960E-01
1 22 37 36722 1617 0.4403E-01
1 22 38 37094 1385 0.3734E-01
1 22 39 36908 1048 0.2839E-01
1 22 40 36711 697 0.1899E-01
1 22 41 36705 521 0.1419E-01
1 22 42 36365 384 0.1056E-01
1 22 43 36810 333 0.9046E-02
1 22 44 36941 255 0.6903E-02
1 23 23 38630 14485 0.3750
1 23 24 38508 13255 0.3442
1 23 25 38022 11747 0.3090
1 23 26 38153 10919 0.2862
1 23 27 38075 9919 0.2605
1 23 28 38293 9189 0.2400
1 23 29 38623 8538 0.2211
1 23 30 38117 7172 0.1882
1 23 31 38221 6426 0.1681
1 23 32 38511 5874 0.1525
1 23 33 38438 5041 0.1311
1 23 34 38623 4377 0.1133
1 23 35 38313 3496 0.9125E-01
1 23 36 38773 3159 0.8147E-01
1 23 37 38361 2399 0.6254E-01
1 23 38 38048 1716 0.4510E-01
1 23 39 38620 1523 0.3944E-01
1 23 40 38565 1185 0.3073E-01
1 23 41 38369 867 0.2260E-01
1 23 42 37995 553 0.1455E-01
1 23 43 38374 498 0.1298E-01
1 23 44 38478 396 0.1029E-01
1 23 45 38255 311 0.8130E-02
1 23 46 37965 201 0.5294E-02
1 24 24 40072 14838 0.3703
1 24 25 40105 13765 0.3432
1 24 26 39990 12598 0.3150
1 24 27 39814 11447 0.2875
1 24 28 40398 11030 0.2730
1 24 29 40223 9917 0.2466
1 24 30 40116 8941 0.2229
1 24 31 40120 7997 0.1993
1 24 32 40062 7137 0.1781
1 24 33 40336 6442 0.1597
1 24 34 39934 5288 0.1324
1 24 35 40215 4739 0.1178
1 24 36 40087 4014 0.1001
1 24 37 39929 3216 0.8054E-01
1 24 38 40480 2917 0.7206E-01
1 24 39 39828 2118 0.5318E-01
1 24 40 40251 1873 0.4653E-01
1 24 41 40262 1428 0.3547E-01
1 24 42 40211 1124 0.2795E-01
1 24 43 39971 800 0.2001E-01
1 24 44 40459 705 0.1743E-01
1 24 45 39706 418 0.1053E-01
1 24 46 40226 367 0.9123E-02
1 24 47 40185 301 0.7490E-02
1 24 48 39862 227 0.5695E-02
1 25 25 41937 15601 0.3720
1 25 26 41381 13942 0.3369
1 25 27 41839 13313 0.3182
1 25 28 41810 12298 0.2941
1 25 29 41279 10848 0.2628
1 25 30 41897 10458 0.2496
1 25 31 41778 9474 0.2268
1 25 32 41538 8313 0.2001
1 25 33 41712 7567 0.1814
1 25 34 41952 6934 0.1653
1 25 35 41410 5673 0.1370
1 25 36 41800 5193 0.1242
1 25 37 41450 4181 0.1009
1 25 38 41637 3631 0.8721E-01
1 25 39 41525 3017 0.7266E-01
1 25 40 41572 2483 0.5973E-01
1 25 41 41553 1988 0.4784E-01
1 25 42 41539 1515 0.3647E-01
1 25 43 41569 1202 0.2892E-01
1 25 44 41678 927 0.2224E-01
1 25 45 41688 685 0.1643E-01
1 25 46 41490 553 0.1333E-01
1 25 47 41496 401 0.9664E-02
1 25 48 41703 362 0.8680E-02
1 25 49 41382 235 0.5679E-02
1 25 50 41593 197 0.4736E-02
1 26 26 43577 16111 0.3697
1 26 27 43376 14804 0.3413
1 26 28 43420 13778 0.3173
1 26 29 43270 12689 0.2933
1 26 30 43326 11763 0.2715
1 26 31 43161 10638 0.2465
1 26 32 43381 9904 0.2283
1 26 33 43244 8847 0.2046
1 26 34 43436 8136 0.1873
1 26 35 43765 7554 0.1726
1 26 36 43620 6566 0.1505
1 26 37 43468 5713 0.1314
1 26 38 43658 4995 0.1144
1 26 39 43489 4143 0.9527E-01
1 26 40 43181 3390 0.7851E-01
1 26 41 43186 2760 0.6391E-01
1 26 42 43476 2441 0.5615E-01
1 26 43 42985 1704 0.3964E-01
1 26 44 43009 1367 0.3178E-01
1 26 45 43098 1054 0.2446E-01
1 26 46 43211 855 0.1979E-01
1 26 47 43434 710 0.1635E-01
1 26 48 43265 513 0.1186E-01
1 26 49 43699 450 0.1030E-01
1 26 50 43360 308 0.7103E-02
1 26 51 43389 275 0.6338E-02
1 26 52 43312 206 0.4756E-02
1 27 27 44608 16090 0.3607
1 27 28 45373 15683 0.3456
1 27 29 45102 14378 0.3188
1 27 30 44970 13253 0.2947
1 27 31 45080 12364 0.2743
1 27 32 45046 11404 0.2532
1 27 33 44946 10370 0.2307
1 27 34 44866 9333 0.2080
1 27 35 45232 8768 0.1938
1 27 36 45047 7678 0.1704
1 27 37 44988 6788 0.1509
1 27 38 45406 6300 0.1387
1 27 39 44555 4939 0.1109
1 27 40 44909 4452 0.9913E-01
1 27 41 45067 3828 0.8494E-01
1 27 42 45439 3505 0.7714E-01
1 27 43 45051 2639 0.5858E-01
1 27 44 45129 2185 0.4842E-01
1 27 45 44896 1701 0.3789E-01
1 27 46 44758 1293 0.2889E-01
1 27 47 45129 1098 0.2433E-01
1 27 48 44952 811 0.1804E-01
1 27 49 44760 569 0.1271E-01
1 27 50 44659 415 0.9293E-02
1 27 51 45210 410 0.9069E-02
1 27 52 44765 298 0.6657E-02
1 27 53 44725 238 0.5321E-02
1 27 54 44787 174 0.3885E-02
1 28 28 46057 16446 0.3571
1 28 29 46559 15805 0.3395
1 28 30 47071 15197 0.3229
1 28 31 46565 13734 0.2949
1 28 32 46598 12787 0.2744
1 28 33 46986 12186 0.2594
1 28 34 46924 11149 0.2376
1 28 35 46680 10005 0.2143
1 28 36 46372 8858 0.1910
1 28 37 46693 8236 0.1764
1 28 38 46593 7227 0.1551
1 28 39 46654 6494 0.1392
1 28 40 46494 5559 0.1196
1 28 41 46628 4884 0.1047
1 28 42 45780 3719 0.8124E-01
1 28 43 46795 3654 0.7809E-01
1 28 44 46832 3002 0.6410E-01
1 28 45 47006 2654 0.5646E-01
1 28 46 46484 1937 0.4167E-01
1 28 47 46528 1494 0.3211E-01
1 28 48 46756 1274 0.2725E-01
1 28 49 46656 977 0.2094E-01
1 28 50 46811 780 0.1666E-01
1 28 51 46854 624 0.1332E-01
1 28 52 46837 552 0.1179E-01
1 28 53 46853 385 0.8217E-02
1 28 54 46736 295 0.6312E-02
1 28 55 46962 256 0.5451E-02
1 28 56 46855 216 0.4610E-02
1 29 29 48225 17493 0.3627
1 29 30 48400 16535 0.3416
1 29 31 48528 15557 0.3206
1 29 32 48219 14261 0.2958
1 29 33 48083 13167 0.2738
1 29 34 48465 12526 0.2585
1 29 35 48070 11228 0.2336
1 29 36 47999 10245 0.2134
1 29 37 48364 9639 0.1993
1 29 38 48332 8694 0.1799
1 29 39 48665 8069 0.1658
1 29 40 48504 7073 0.1458
1 29 41 48353 6126 0.1267
1 29 42 48494 5461 0.1126
1 29 43 48661 4846 0.9959E-01
1 29 44 48424 4017 0.8295E-01
1 29 45 48185 3192 0.6624E-01
1 29 46 48012 2630 0.5478E-01
1 29 47 48454 2335 0.4819E-01
1 29 48 48373 1888 0.3903E-01
1 29 49 48317 1456 0.3013E-01
1 29 50 48456 1172 0.2419E-01
1 29 51 48323 892 0.1846E-01
1 29 52 48713 761 0.1562E-01
1 29 53 48358 543 0.1123E-01
1 29 54 48304 448 0.9275E-02
1 29 55 48667 393 0.8075E-02
1 29 56 48442 292 0.6028E-02
1 29 57 48265 220 0.4558E-02
1 29 58 48418 192 0.3965E-02
1 30 30 50486 18590 0.3682
1 30 31 49848 16843 0.3379
1 30 32 49704 15649 0.3148
1 30 33 49921 14861 0.2977
1 30 34 49719 13700 0.2755
1 30 35 50116 13053 0.2605
1 30 36 50031 12039 0.2406
1 30 37 50204 11252 0.2241
1 30 38 50144 10242 0.2043
1 30 39 50211 9390 0.1870
1 30 40 49891 8254 0.1654
1 30 41 49781 7271 0.1461
1 30 42 50042 6620 0.1323
1 30 43 50393 6126 0.1216
1 30 44 49949 5027 0.1006
1 30 45 49916 4352 0.8719E-01
1 30 46 49870 3646 0.7311E-01
1 30 47 50233 3210 0.6390E-01
1 30 48 49825 2500 0.5018E-01
1 30 49 49794 2057 0.4131E-01
1 30 50 50514 1875 0.3712E-01
1 30 51 49843 1318 0.2644E-01
1 30 52 49787 1017 0.2043E-01
1 30 53 49784 801 0.1609E-01
1 30 54 49680 646 0.1300E-01
1 30 55 49674 496 0.9985E-02
1 30 56 50513 510 0.1010E-01
1 30 57 49785 302 0.6066E-02
1 30 58 49967 305 0.6104E-02
1 30 59 50239 265 0.5275E-02
1 30 60 50179 169 0.3368E-02
1 31 31 51827 18847 0.3637
1 31 32 51549 17435 0.3382
1 31 33 51800 16616 0.3208
1 31 34 51459 15281 0.2970
1 31 35 51419 14245 0.2770
1 31 36 51700 13546 0.2620
1 31 37 51800 12648 0.2442
1 31 38 52099 11960 0.2296
1 31 39 51859 10809 0.2084
1 31 40 51646 9725 0.1883
1 31 41 51652 8850 0.1713
1 31 42 51734 7978 0.1542
1 31 43 51451 6954 0.1352
1 31 44 52326 6781 0.1296
1 31 45 51665 5514 0.1067
1 31 46 51644 4767 0.9231E-01
1 31 47 51695 4168 0.8063E-01
1 31 48 51198 3183 0.6217E-01
1 31 49 51709 2989 0.5780E-01
1 31 50 51852 2477 0.4777E-01
1 31 51 51233 1752 0.3420E-01
1 31 52 51553 1521 0.2950E-01
1 31 53 51523 1239 0.2405E-01
1 31 54 51898 960 0.1850E-01
1 31 55 51778 810 0.1564E-01
1 31 56 51510 601 0.1167E-01
1 31 57 51689 487 0.9422E-02
1 31 58 51658 388 0.7511E-02
1 31 59 51671 334 0.6464E-02
1 31 60 51616 264 0.5115E-02
1 31 61 51555 200 0.3879E-02
1 31 62 51659 163 0.3155E-02
1 32 32 53771 19697 0.3663
1 32 33 53123 17917 0.3373
1 32 34 53227 16956 0.3186
1 32 35 53359 16052 0.3008
1 32 36 53221 14936 0.2806
1 32 37 53766 14450 0.2688
1 32 38 53706 13429 0.2500
1 32 39 53149 11977 0.2253
1 32 40 53253 11092 0.2083
1 32 41 53086 10041 0.1891
1 32 42 53594 9568 0.1785
1 32 43 52932 8152 0.1540
1 32 44 53047 7355 0.1387
1 32 45 53517 6921 0.1293
1 32 46 53275 5966 0.1120
1 32 47 53137 5034 0.9474E-01
1 32 48 53277 4508 0.8461E-01
1 32 49 53403 3911 0.7324E-01
1 32 50 53252 3214 0.6035E-01
1 32 51 53207 2621 0.4926E-01
1 32 52 53148 2133 0.4013E-01
1 32 53 53362 1839 0.3446E-01
1 32 54 53678 1617 0.3012E-01
1 32 55 53603 1199 0.2237E-01
1 32 56 53323 966 0.1812E-01
1 32 57 53185 715 0.1344E-01
1 32 58 53031 527 0.9938E-02
1 32 59 53508 493 0.9214E-02
1 32 60 53113 375 0.7060E-02
1 32 61 53551 317 0.5920E-02
1 32 62 53316 278 0.5214E-02
1 32 63 53668 200 0.3727E-02
1 32 64 53396 156 0.2922E-02
1 33 33 55435 20260 0.3655
1 33 34 55188 18865 0.3418
1 33 35 54524 17141 0.3144
1 33 36 54760 16360 0.2988
1 33 37 55095 15686 0.2847
1 33 38 55113 14698 0.2667
1 33 39 54980 13599 0.2473
1 33 40 54972 12634 0.2298
1 33 41 54749 11491 0.2099
1 33 42 55104 10844 0.1968
1 33 43 55265 10057 0.1820
1 33 44 55123 9025 0.1637
1 33 45 54826 7936 0.1447
1 33 46 55232 7404 0.1341
1 33 47 54728 6239 0.1140
1 33 48 54673 5445 0.9959E-01
1 33 49 54852 4828 0.8802E-01
1 33 50 54793 4114 0.7508E-01
1 33 51 54631 3355 0.6141E-01
1 33 52 54629 2828 0.5177E-01
1 33 53 55147 2552 0.4628E-01
1 33 54 55274 2221 0.4018E-01
1 33 55 55252 1755 0.3176E-01
1 33 56 54880 1338 0.2438E-01
1 33 57 55148 1094 0.1984E-01
1 33 58 54872 858 0.1564E-01
1 33 59 55051 685 0.1244E-01
1 33 60 54940 511 0.9301E-02
1 33 61 54626 405 0.7414E-02
1 33 62 54562 335 0.6140E-02
1 33 63 54977 280 0.5093E-02
1 33 64 54395 214 0.3934E-02
1 33 65 55470 218 0.3930E-02
1 33 66 55153 175 0.3173E-02
1 34 34 56438 20146 0.3570
1 34 35 56960 19514 0.3426
1 34 36 56745 18205 0.3208
1 34 37 56697 17194 0.3033
1 34 38 57022 16460 0.2887
1 34 39 56538 15048 0.2662
1 34 40 56494 13996 0.2477
1 34 41 56542 13078 0.2313
1 34 42 56952 12466 0.2189
1 34 43 56797 11413 0.2009
1 34 44 56709 10416 0.1837
1 34 45 56785 9538 0.1680
1 34 46 56431 8414 0.1491
1 34 47 56454 7537 0.1335
1 34 48 56566 6805 0.1203
1 34 49 56663 6090 0.1075
1 34 50 56707 5333 0.9404E-01
1 34 51 56951 4865 0.8542E-01
1 34 52 56732 4038 0.7118E-01
1 34 53 56405 3201 0.5675E-01
1 34 54 56572 2804 0.4957E-01
1 34 55 56573 2271 0.4014E-01
1 34 56 56155 1696 0.3020E-01
1 34 57 57140 1729 0.3026E-01
1 34 58 56746 1313 0.2314E-01
1 34 59 56794 1049 0.1847E-01
1 34 60 56689 842 0.1485E-01
1 34 61 56536 645 0.1141E-01
1 34 62 56572 462 0.8167E-02
1 34 63 56505 406 0.7185E-02
1 34 64 56463 354 0.6270E-02
1 34 65 57038 306 0.5365E-02
1 34 66 56858 252 0.4432E-02
1 34 67 56689 202 0.3563E-02
1 34 68 56675 151 0.2664E-02
1 35 35 58381 20977 0.3593
1 35 36 58525 19967 0.3412
1 35 37 58536 18877 0.3225
1 35 38 58485 17814 0.3046
1 35 39 58336 16710 0.2864
1 35 40 58089 15472 0.2663
1 35 41 58542 14885 0.2543
1 35 42 58431 13814 0.2364
1 35 43 58394 12823 0.2196
1 35 44 58471 11932 0.2041
1 35 45 58167 10711 0.1841
1 35 46 58696 10268 0.1749
1 35 47 58345 9060 0.1553
1 35 48 58140 8070 0.1388
1 35 49 57961 7090 0.1223
1 35 50 58692 6813 0.1161
1 35 51 58163 5698 0.9797E-01
1 35 52 57673 4624 0.8018E-01
1 35 53 58145 4191 0.7208E-01
1 35 54 58160 3661 0.6295E-01
1 35 55 58631 3349 0.5712E-01
1 35 56 58401 2681 0.4591E-01
1 35 57 58373 2238 0.3834E-01
1 35 58 58489 1863 0.3185E-01
1 35 59 58316 1421 0.2437E-01
1 35 60 58783 1272 0.2164E-01
1 35 61 58488 984 0.1682E-01
1 35 62 58154 683 0.1174E-01
1 35 63 58558 675 0.1153E-01
1 35 64 58495 500 0.8548E-02
1 35 65 58209 351 0.6030E-02
1 35 66 57894 295 0.5096E-02
1 35 67 58269 272 0.4668E-02
1 35 68 58273 230 0.3947E-02
1 35 69 58272 186 0.3192E-02
1 35 70 58191 157 0.2698E-02
1 36 36 60403 21929 0.3630
1 36 37 59937 20289 0.3385
1 36 38 59578 18846 0.3163
1 36 39 59939 18178 0.3033
1 36 40 60507 17723 0.2929
1 36 41 60396 16588 0.2747
1 36 42 60040 15251 0.2540
1 36 43 59804 14060 0.2351
1 36 44 60405 13689 0.2266
1 36 45 59535 11940 0.2006
1 36 46 59496 10972 0.1844
1 36 47 60211 10666 0.1771
1 36 48 59913 9501 0.1586
1 36 49 59839 8575 0.1433
1 36 50 59875 7745 0.1294
1 36 51 60372 7293 0.1208
1 36 52 59466 5857 0.9849E-01
1 36 53 59971 5451 0.9089E-01
1 36 54 60151 4854 0.8070E-01
1 36 55 59624 3800 0.6373E-01
1 36 56 60186 3630 0.6031E-01
1 36 57 60322 3092 0.5126E-01
1 36 58 60027 2516 0.4191E-01
1 36 59 59937 2006 0.3347E-01
1 36 60 60329 1709 0.2833E-01
1 36 61 60082 1316 0.2190E-01
1 36 62 60064 1061 0.1766E-01
1 36 63 60004 851 0.1418E-01
1 36 64 59689 641 0.1074E-01
1 36 65 60252 623 0.1034E-01
1 36 66 60144 467 0.7765E-02
1 36 67 59990 454 0.7568E-02
1 36 68 59897 318 0.5309E-02
1 36 69 60174 265 0.4404E-02
1 36 70 60187 261 0.4336E-02
1 36 71 60255 209 0.3469E-02
1 36 72 60476 196 0.3241E-02
1 37 37 61762 22165 0.3589
1 37 38 61920 21135 0.3413
1 37 39 61635 19771 0.3208
1 37 40 61992 19118 0.3084
1 37 41 61615 17743 0.2880
1 37 42 61866 16953 0.2740
1 37 43 61938 16040 0.2590
1 37 44 61779 14908 0.2413
1 37 45 61995 14119 0.2277
1 37 46 61731 12907 0.2091
1 37 47 61572 11870 0.1928
1 37 48 61337 10702 0.1745
1 37 49 61507 9961 0.1619
1 37 50 61622 9123 0.1480
1 37 51 61480 8201 0.1334
1 37 52 61642 7459 0.1210
1 37 53 61523 6608 0.1074
1 37 54 61563 5851 0.9504E-01
1 37 55 61928 5407 0.8731E-01
1 37 56 61432 4334 0.7055E-01
1 37 57 61339 3556 0.5797E-01
1 37 58 61572 3304 0.5366E-01
1 37 59 61389 2606 0.4245E-01
1 37 60 61526 2250 0.3657E-01
1 37 61 61768 1941 0.3142E-01
1 37 62 61593 1494 0.2426E-01
1 37 63 61631 1279 0.2075E-01
1 37 64 61026 874 0.1432E-01
1 37 65 62036 895 0.1443E-01
1 37 66 61459 669 0.1089E-01
1 37 67 61920 599 0.9674E-02
1 37 68 61402 412 0.6710E-02
1 37 69 61176 326 0.5329E-02
1 37 70 61805 276 0.4466E-02
1 37 71 61622 259 0.4203E-02
1 37 72 62057 274 0.4415E-02
1 37 73 61593 192 0.3117E-02
1 37 74 61848 181 0.2927E-02
1 38 38 63059 22342 0.3543
1 38 39 63188 21313 0.3373
1 38 40 63118 20159 0.3194
1 38 41 63165 19187 0.3038
1 38 42 62469 17534 0.2807
1 38 43 63544 17518 0.2757
1 38 44 63156 16171 0.2560
1 38 45 63547 15553 0.2447
1 38 46 63485 14483 0.2281
1 38 47 63267 13348 0.2110
1 38 48 63433 12568 0.1981
1 38 49 63320 11497 0.1816
1 38 50 63014 10326 0.1639
1 38 51 63355 9695 0.1530
1 38 52 63763 9144 0.1434
1 38 53 63953 8504 0.1330
1 38 54 63700 7393 0.1161
1 38 55 63162 6243 0.9884E-01
1 38 56 63217 5536 0.8757E-01
1 38 57 63142 4832 0.7653E-01
1 38 58 62989 3960 0.6287E-01
1 38 59 63439 3722 0.5867E-01
1 38 60 63719 3248 0.5097E-01
1 38 61 63058 2441 0.3871E-01
1 38 62 63056 2054 0.3257E-01
1 38 63 63144 1751 0.2773E-01
1 38 64 63412 1509 0.2380E-01
1 38 65 63670 1222 0.1919E-01
1 38 66 63662 986 0.1549E-01
1 38 67 62767 582 0.9272E-02
1 38 68 63352 604 0.9534E-02
1 38 69 63382 483 0.7620E-02
1 38 70 63344 454 0.7167E-02
1 38 71 63063 338 0.5360E-02
1 38 72 63421 311 0.4904E-02
1 38 73 63095 258 0.4089E-02
1 38 74 63359 234 0.3693E-02
1 38 75 62894 185 0.2941E-02
1 38 76 62903 139 0.2210E-02
1 39 39 64717 22915 0.3541
1 39 40 65577 22553 0.3439
1 39 41 65513 21407 0.3268
1 39 42 64793 19696 0.3040
1 39 43 64640 18528 0.2866
1 39 44 64702 17598 0.2720
1 39 45 64924 16824 0.2591
1 39 46 64654 15539 0.2403
1 39 47 65246 15142 0.2321
1 39 48 64857 13809 0.2129
1 39 49 64958 12941 0.1992
1 39 50 65207 12242 0.1877
1 39 51 65161 11269 0.1729
1 39 52 65137 10369 0.1592
1 39 53 65068 9343 0.1436
1 39 54 65447 8823 0.1348
1 39 55 65366 7908 0.1210
1 39 56 64866 6726 0.1037
1 39 57 64872 5923 0.9130E-01
1 39 58 64563 4961 0.7684E-01
1 39 59 65428 4892 0.7477E-01
1 39 60 64922 3939 0.6067E-01
1 39 61 64662 3209 0.4963E-01
1 39 62 65083 2954 0.4539E-01
1 39 63 65143 2365 0.3630E-01
1 39 64 65167 2017 0.3095E-01
1 39 65 65508 1841 0.2810E-01
1 39 66 64677 1263 0.1953E-01
1 39 67 64951 1040 0.1601E-01
1 39 68 64598 862 0.1334E-01
1 39 69 64688 715 0.1105E-01
1 39 70 64899 592 0.9122E-02
1 39 71 64760 483 0.7458E-02
1 39 72 64909 359 0.5531E-02
1 39 73 65436 390 0.5960E-02
1 39 74 64787 250 0.3859E-02
1 39 75 64615 244 0.3776E-02
1 39 76 65088 208 0.3196E-02
1 39 77 64652 142 0.2196E-02
1 39 78 65207 167 0.2561E-02
1 40 40 66664 23728 0.3559
1 40 41 66925 22831 0.3411
1 40 42 66489 21292 0.3202
1 40 43 66924 20698 0.3093
1 40 44 66956 19691 0.2941
1 40 45 66908 18659 0.2789
1 40 46 66615 17357 0.2606
1 40 47 67026 16751 0.2499
1 40 48 66387 15217 0.2292
1 40 49 67056 14799 0.2207
1 40 50 66429 13288 0.2000
1 40 51 66544 12435 0.1869
1 40 52 66547 11468 0.1723
1 40 53 66968 10962 0.1637
1 40 54 66351 9539 0.1438
1 40 55 66632 8936 0.1341
1 40 56 66764 8144 0.1220
1 40 57 66306 7045 0.1062
1 40 58 66324 6206 0.9357E-01
1 40 59 66667 5636 0.8454E-01
1 40 60 66680 5012 0.7516E-01
1 40 61 66597 4287 0.6437E-01
1 40 62 66785 3881 0.5811E-01
1 40 63 66975 3330 0.4972E-01
1 40 64 67134 2908 0.4332E-01
1 40 65 66736 2198 0.3294E-01
1 40 66 66994 1919 0.2864E-01
1 40 67 66334 1345 0.2028E-01
1 40 68 66754 1348 0.2019E-01
1 40 69 66686 1036 0.1554E-01
1 40 70 66863 809 0.1210E-01
1 40 71 66760 713 0.1068E-01
1 40 72 66973 598 0.8929E-02
1 40 73 67109 505 0.7525E-02
1 40 74 66712 400 0.5996E-02
1 40 75 66814 345 0.5164E-02
1 40 76 66097 265 0.4009E-02
1 40 77 66514 233 0.3503E-02
1 40 78 66813 234 0.3502E-02
1 40 79 66532 148 0.2224E-02
1 40 80 66662 177 0.2655E-02
2 1 1 1660 1029 0.6199
2 1 2 1635 586 0.3584
2 2 2 3306 1800 0.5445
2 2 3 3292 1251 0.3800
2 2 4 3312 777 0.2346
2 3 3 5046 2617 0.5186
2 3 4 4970 1880 0.3783
2 3 5 4990 1311 0.2627
2 3 6 4940 788 0.1595
2 4 4 6589 3188 0.4838
2 4 5 6692 2553 0.3815
2 4 6 6690 1838 0.2747
2 4 7 6605 1205 0.1824
2 4 8 6516 746 0.1145
2 5 5 8302 3903 0.4701
2 5 6 8221 3037 0.3694
2 5 7 8301 2324 0.2800
2 5 8 8382 1736 0.2071
2 5 9 8447 1259 0.1490
2 5 10 8454 868 0.1027
2 6 6 10075 4626 0.4592
2 6 7 10068 3770 0.3745
2 6 8 10034 2936 0.2926
2 6 9 9962 2151 0.2159
2 6 10 10008 1562 0.1561
2 6 11 10099 1150 0.1139
2 6 12 10127 827 0.8166E-01
2 7 7 11796 5278 0.4474
2 7 8 11656 4300 0.3689
2 7 9 11713 3485 0.2975
2 7 10 11677 2682 0.2297
2 7 11 11469 1908 0.1664
2 7 12 11567 1448 0.1252
2 7 13 11674 1085 0.9294E-01
2 7 14 11595 705 0.6080E-01
2 8 8 13276 5747 0.4329
2 8 9 13257 4829 0.3643
2 8 10 13313 4000 0.3005
2 8 11 13162 3046 0.2314
2 8 12 13511 2628 0.1945
2 8 13 13411 1926 0.1436
2 8 14 13387 1417 0.1058
2 8 15 13444 1035 0.7699E-01
2 8 16 13407 725 0.5408E-01
2 9 9 15283 6670 0.4364
2 9 10 15123 5575 0.3686
2 9 11 14922 4510 0.3022
2 9 12 14911 3620 0.2428
2 9 13 14965 2954 0.1974
2 9 14 14870 2225 0.1496
2 9 15 14799 1686 0.1139
2 9 16 14841 1236 0.8328E-01
2 9 17 15166 998 0.6581E-01
2 9 18 15054 663 0.4404E-01
2 10 10 16565 6900 0.4165
2 10 11 16508 5913 0.3582
2 10 12 16522 4989 0.3020
2 10 13 16742 4311 0.2575
2 10 14 16585 3390 0.2044
2 10 15 16601 2749 0.1656
2 10 16 16487 2051 0.1244
2 10 17 16670 1647 0.9880E-01
2 10 18 16786 1230 0.7328E-01
2 10 19 16598 821 0.4946E-01
2 10 20 16844 662 0.3930E-01
2 11 11 18344 7592 0.4139
2 11 12 18255 6562 0.3595
2 11 13 18336 5682 0.3099
2 11 14 18310 4750 0.2594
2 11 15 18618 4199 0.2255
2 11 16 18237 3181 0.1744
2 11 17 18126 2456 0.1355
2 11 18 18541 2141 0.1155
2 11 19 18300 1498 0.8186E-01
2 11 20 18305 1090 0.5955E-01
2 11 21 18486 871 0.4712E-01
2 11 22 18174 537 0.2955E-01
2 12 12 19909 8088 0.4062
2 12 13 20027 7230 0.3610
2 12 14 19928 6169 0.3096
2 12 15 19928 5252 0.2635
2 12 16 20110 4572 0.2273
2 12 17 20128 3832 0.1904
2 12 18 20138 3125 0.1552
2 12 19 19991 2402 0.1202
2 12 20 20356 2065 0.1014
2 12 21 20101 1453 0.7228E-01
2 12 22 19947 1029 0.5159E-01
2 12 23 20058 756 0.3769E-01
2 12 24 19992 535 0.2676E-01
2 13 13 21497 8634 0.4016
2 13 14 21678 7797 0.3597
2 13 15 21765 6848 0.3146
2 13 16 21548 5743 0.2665
2 13 17 21431 4842 0.2259
2 13 18 21456 4043 0.1884
2 13 19 21711 3520 0.1621
2 13 20 21670 2819 0.1301
2 13 21 21677 2232 0.1030
2 13 22 21777 1816 0.8339E-01
2 13 23 21614 1267 0.5862E-01
2 13 24 21760 1038 0.4770E-01
2 13 25 21648 722 0.3335E-01
2 13 26 21921 582 0.2655E-01
2 14 14 23158 9179 0.3964
2 14 15 23149 8166 0.3528
2 14 16 23197 7231 0.3117
2 14 17 23409 6422 0.2743
2 14 18 23549 5729 0.2433
2 14 19 23567 4873 0.2068
2 14 20 23374 3986 0.1705
2 14 21 23286 3158 0.1356
2 14 22 23257 2550 0.1096
2 14 23 23587 2198 0.9319E-01
2 14 24 23425 1674 0.7146E-01
2 14 25 23427 1306 0.5575E-01
2 14 26 23313 867 0.3719E-01
2 14 27 23388 671 0.2869E-01
2 14 28 23329 508 0.2178E-01
2 15 15 24711 9651 0.3906
2 15 16 24765 8701 0.3513
2 15 17 24901 7803 0.3134
2 15 18 25135 7024 0.2795
2 15 19 24884 5965 0.2397
2 15 20 24978 5191 0.2078
2 15 21 25052 4471 0.1785
2 15 22 25117 3794 0.1511
2 15 23 25007 3033 0.1213
2 15 24 25022 2453 0.9803E-01
2 15 25 25060 1971 0.7865E-01
2 15 26 25193 1586 0.6295E-01
2 15 27 25022 1114 0.4452E-01
2 15 28 25049 876 0.3497E-01
2 15 29 24835 606 0.2440E-01
2 15 30 25188 500 0.1985E-01
2 16 16 26840 10656 0.3970
2 16 17 26666 9458 0.3547
2 16 18 26625 8389 0.3151
2 16 19 26626 7425 0.2789
2 16 20 26474 6431 0.2429
2 16 21 26540 5600 0.2110
2 16 22 26875 5070 0.1887
2 16 23 26560 4078 0.1535
2 16 24 26780 3534 0.1320
2 16 25 26950 2987 0.1108
2 16 26 26772 2329 0.8699E-01
2 16 27 26613 1758 0.6606E-01
2 16 28 26527 1348 0.5082E-01
2 16 29 26588 995 0.3742E-01
2 16 30 26821 830 0.3095E-01
2 16 31 26489 597 0.2254E-01
2 16 32 26622 453 0.1702E-01
2 17 17 28413 11131 0.3918
2 17 18 28517 10194 0.3575
2 17 19 28034 8712 0.3108
2 17 20 28080 7800 0.2778
2 17 21 28204 6974 0.2473
2 17 22 28431 6293 0.2213
2 17 23 28334 5429 0.1916
2 17 24 28422 4701 0.1654
2 17 25 28244 3851 0.1363
2 17 26 28432 3298 0.1160
2 17 27 28278 2647 0.9361E-01
2 17 28 28050 1922 0.6852E-01
2 17 29 28684 1756 0.6122E-01
2 17 30 28308 1273 0.4497E-01
2 17 31 28287 979 0.3461E-01
2 17 32 28506 835 0.2929E-01
2 17 33 28090 528 0.1880E-01
2 17 34 28500 457 0.1604E-01
2 18 18 30137 11787 0.3911
2 18 19 29519 10123 0.3429
2 18 20 30041 9570 0.3186
2 18 21 30192 8734 0.2893
2 18 22 29856 7507 0.2514
2 18 23 30336 7063 0.2328
2 18 24 29882 5844 0.1956
2 18 25 30100 5210 0.1731
2 18 26 30089 4382 0.1456
2 18 27 30077 3720 0.1237
2 18 28 30088 3071 0.1021
2 18 29 30121 2513 0.8343E-01
2 18 30 29977 1932 0.6445E-01
2 18 31 29741 1384 0.4654E-01
2 18 32 29773 1091 0.3664E-01
2 18 33 30188 1022 0.3385E-01
2 18 34 30181 762 0.2525E-01
2 18 35 30137 608 0.2017E-01
2 18 36 30216 448 0.1483E-01
2 19 19 31649 12210 0.3858
2 19 20 31724 11233 0.3541
2 19 21 31662 10089 0.3186
2 19 22 31821 9252 0.2908
2 19 23 31186 7738 0.2481
2 19 24 31404 7120 0.2267
2 19 25 31601 6383 0.2020
2 19 26 31937 5810 0.1819
2 19 27 31855 4973 0.1561
2 19 28 31938 4287 0.1342
2 19 29 31757 3490 0.1099
2 19 30 31683 2785 0.8790E-01
2 19 31 31688 2283 0.7205E-01
2 19 32 31844 1851 0.5813E-01
2 19 33 31685 1432 0.4519E-01
2 19 34 31964 1179 0.3689E-01
2 19 35 31458 826 0.2626E-01
2 19 36 31883 718 0.2252E-01
2 19 37 31746 550 0.1733E-01
2 19 38 31817 420 0.1320E-01
2 20 20 33306 12762 0.3832
2 20 21 33046 11453 0.3466
2 20 22 33272 10600 0.3186
2 20 23 33221 9526 0.2867
2 20 24 33146 8527 0.2573
2 20 25 33021 7549 0.2286
2 20 26 33339 6950 0.2085
2 20 27 32937 5768 0.1751
2 20 28 33338 5281 0.1584
2 20 29 33192 4466 0.1346
2 20 30 33267 3793 0.1140
2 20 31 33235 3145 0.9463E-01
2 20 32 33456 2678 0.8005E-01
2 20 33 33371 2146 0.6431E-01
2 20 34 33417 1717 0.5138E-01
2 20 35 33735 1454 0.4310E-01
2 20 36 33339 1030 0.3089E-01
2 20 37 33479 843 0.2518E-01
2 20 38 33533 675 0.2013E-01
2 20 39 33162 487 0.1469E-01
2 20 40 33079 348 0.1052E-01
2 21 21 34735 13147 0.3785
2 21 22 34807 12099 0.3476
2 21 23 35017 11220 0.3204
2 21 24 35023 10201 0.2913
2 21 25 34956 9205 0.2633
2 21 26 35123 8468 0.2411
2 21 27 34938 7437 0.2129
2 21 28 35048 6689 0.1909
2 21 29 35171 5924 0.1684
2 21 30 35060 5044 0.1439
2 21 31 35355 4538 0.1284
2 21 32 35377 3810 0.1077
2 21 33 35045 3036 0.8663E-01
2 21 34 35241 2495 0.7080E-01
2 21 35 35292 2052 0.5814E-01
2 21 36 35026 1584 0.4522E-01
2 21 37 35102 1320 0.3760E-01
2 21 38 35039 973 0.2777E-01
2 21 39 35017 768 0.2193E-01
2 21 40 35375 616 0.1741E-01
2 21 41 34978 477 0.1364E-01
2 21 42 35177 400 0.1137E-01
2 22 22 36457 13737 0.3768
2 22 23 36451 12670 0.3476
2 22 24 36487 11596 0.3178
2 22 25 36633 10700 0.2921
2 22 26 36505 9655 0.2645
2 22 27 36129 8421 0.2331
2 22 28 36432 7789 0.2138
2 22 29 36301 6771 0.1865
2 22 30 36491 6154 0.1686
2 22 31 36433 5321 0.1460
2 22 32 36440 4560 0.1251
2 22 33 36758 4061 0.1105
2 22 34 36693 3381 0.9214E-01
2 22 35 36963 2955 0.7994E-01
2 22 36 36847 2388 0.6481E-01
2 22 37 36737 1880 0.5117E-01
2 22 38 36576 1426 0.3899E-01
2 22 39 36753 1223 0.3328E-01
2 22 40 36910 1024 0.2774E-01
2 22 41 36642 711 0.1940E-01
2 22 42 36680 573 0.1562E-01
2 22 43 36830 501 0.1360E-01
2 22 44 36550 355 0.9713E-02
2 23 23 38311 14458 0.3774
2 23 24 38293 13352 0.3487
2 23 25 38773 12724 0.3282
2 23 26 38549 11470 0.2975
2 23 27 38226 10240 0.2679
2 23 28 38204 9313 0.2438
2 23 29 38372 8536 0.2225
2 23 30 38708 7933 0.2049
2 23 31 38443 6850 0.1782
2 23 32 38245 5881 0.1538
2 23 33 38677 5405 0.1397
2 23 34 38291 4422 0.1155
2 23 35 38388 3771 0.9823E-01
2 23 36 38050 3022 0.7942E-01
2 23 37 38247 2521 0.6591E-01
2 23 38 38186 2068 0.5416E-01
2 23 39 38152 1654 0.4335E-01
2 23 40 38193 1372 0.3592E-01
2 23 41 38315 1072 0.2798E-01
2 23 42 38297 867 0.2264E-01
2 23 43 38317 677 0.1767E-01
2 23 44 38409 520 0.1354E-01
2 23 45 38370 446 0.1162E-01
2 23 46 38709 404 0.1044E-01
2 24 24 40205 15251 0.3793
2 24 25 39989 13968 0.3493
2 24 26 40232 13115 0.3260
2 24 27 40002 11829 0.2957
2 24 28 39989 10858 0.2715
2 24 29 40233 10134 0.2519
2 24 30 40286 9239 0.2293
2 24 31 39768 7926 0.1993
2 24 32 40025 7253 0.1812
2 24 33 39910 6374 0.1597
2 24 34 39852 5539 0.1390
2 24 35 40297 5108 0.1268
2 24 36 39925 4116 0.1031
2 24 37 40145 3553 0.8850E-01
2 24 38 40092 3010 0.7508E-01
2 24 39 40219 2525 0.6278E-01
2 24 40 39940 1977 0.4950E-01
2 24 41 39934 1543 0.3864E-01
2 24 42 39932 1256 0.3145E-01
2 24 43 40066 1054 0.2631E-01
2 24 44 39823 805 0.2021E-01
2 24 45 39651 628 0.1584E-01
2 24 46 40232 542 0.1347E-01
2 24 47 40119 421 0.1049E-01
2 24 48 39879 340 0.8526E-02
2 25 25 41531 15501 0.3732
2 25 26 41356 14238 0.3443
2 25 27 41786 13536 0.3239
2 25 28 41208 11981 0.2907
2 25 29 41448 11230 0.2709
2 25 30 41681 10511 0.2522
2 25 31 41181 9135 0.2218
2 25 32 41867 8827 0.2108
2 25 33 41915 7970 0.1901
2 25 34 41888 7116 0.1699
2 25 35 41862 6287 0.1502
2 25 36 41789 5412 0.1295
2 25 37 41894 4782 0.1141
2 25 38 42002 4159 0.9902E-01
2 25 39 41441 3183 0.7681E-01
2 25 40 41289 2623 0.6353E-01
2 25 41 41498 2149 0.5179E-01
2 25 42 41307 1697 0.4108E-01
2 25 43 41654 1504 0.3611E-01
2 25 44 41280 1089 0.2638E-01
2 25 45 41683 1011 0.2425E-01
2 25 46 41563 742 0.1785E-01
2 25 47 41634 613 0.1472E-01
2 25 48 41642 503 0.1208E-01
2 25 49 41700 432 0.1036E-01
2 25 50 41187 308 0.7478E-02
2 26 26 43120 15993 0.3709
2 26 27 43448 15194 0.3497
2 26 28 43225 13879 0.3211
2 26 29 43280 12878 0.2976
2 26 30 42969 11659 0.2713
2 26 31 43080 10788 0.2504
2 26 32 43113 9878 0.2291
2 26 33 43170 9018 0.2089
2 26 34 42938 7961 0.1854
2 26 35 43448 7514 0.1729
2 26 36 43479 6737 0.1549
2 26 37 43463 5906 0.1359
2 26 38 43189 4943 0.1145
2 26 39 43607 4551 0.1044
2 26 40 42898 3384 0.7888E-01
2 26 41 43294 3060 0.7068E-01
2 26 42 43277 2522 0.5828E-01
2 26 43 43167 2040 0.4726E-01
2 26 44 43555 1814 0.4165E-01
2 26 45 43348 1443 0.3329E-01
2 26 46 43546 1203 0.2763E-01
2 26 47 43327 889 0.2052E-01
2 26 48 42834 661 0.1543E-01
2 26 49 43008 548 0.1274E-01
2 26 50 43089 461 0.1070E-01
2 26 51 43183 406 0.9402E-02
2 26 52 43227 317 0.7333E-02
2 27 27 44994 16746 0.3722
2 27 28 45155 15798 0.3499
2 27 29 45189 14708 0.3255
2 27 30 45578 14011 0.3074
2 27 31 45240 12720 0.2812
2 27 32 44656 11246 0.2518
2 27 33 45151 10754 0.2382
2 27 34 45135 9823 0.2176
2 27 35 45443 9197 0.2024
2 27 36 45539 8401 0.1845
2 27 37 45221 7249 0.1603
2 27 38 44863 6131 0.1367
2 27 39 45091 5544 0.1230
2 27 40 45182 4938 0.1093
2 27 41 44897 4065 0.9054E-01
2 27 42 45165 3553 0.7867E-01
2 27 43 44852 2804 0.6252E-01
2 27 44 44965 2431 0.5406E-01
2 27 45 45081 1991 0.4416E-01
2 27 46 44652 1443 0.3232E-01
2 27 47 44516 1122 0.2520E-01
2 27 48 45050 1082 0.2402E-01
2 27 49 44860 842 0.1877E-01
2 27 50 44971 655 0.1456E-01
2 27 51 45203 627 0.1387E-01
2 27 52 44610 432 0.9684E-02
2 27 53 45187 404 0.8941E-02
2 27 54 45157 348 0.7706E-02
2 28 28 46085 16787 0.3643
2 28 29 46669 16215 0.3474
2 28 30 46423 14867 0.3203
2 28 31 46754 14125 0.3021
2 28 32 46444 12854 0.2768
2 28 33 46219 11676 0.2526
2 28 34 46697 11195 0.2397
2 28 35 46770 10346 0.2212
2 28 36 46209 8904 0.1927
2 28 37 46663 8446 0.1810
2 28 38 46985 7840 0.1669
2 28 39 46783 6865 0.1467
2 28 40 46652 5904 0.1266
2 28 41 46424 5034 0.1084
2 28 42 46242 4217 0.9119E-01
2 28 43 46730 3869 0.8279E-01
2 28 44 46469 3120 0.6714E-01
2 28 45 46568 2631 0.5650E-01
2 28 46 46562 2234 0.4798E-01
2 28 47 46340 1684 0.3634E-01
2 28 48 46868 1632 0.3482E-01
2 28 49 46396 1101 0.2373E-01
2 28 50 46871 1086 0.2317E-01
2 28 51 46794 826 0.1765E-01
2 28 52 46929 720 0.1534E-01
2 28 53 46663 513 0.1099E-01
2 28 54 46852 451 0.9626E-02
2 28 55 46868 431 0.9196E-02
2 28 56 46851 342 0.7300E-02
2 29 29 48401 17945 0.3708
2 29 30 48273 16707 0.3461
2 29 31 48535 15822 0.3260
2 29 32 48511 14743 0.3039
2 29 33 48292 13544 0.2805
2 29 34 48364 12648 0.2615
2 29 35 48364 11689 0.2417
2 29 36 48071 10526 0.2190
2 29 37 47926 9473 0.1977
2 29 38 48366 9006 0.1862
2 29 39 48153 7965 0.1654
2 29 40 48414 7298 0.1507
2 29 41 48453 6520 0.1346
2 29 42 47771 5179 0.1084
2 29 43 48691 5197 0.1067
2 29 44 48534 4380 0.9025E-01
2 29 45 48278 3538 0.7328E-01
2 29 46 48021 2877 0.5991E-01
2 29 47 48209 2464 0.5111E-01
2 29 48 48472 2143 0.4421E-01
2 29 49 48308 1719 0.3558E-01
2 29 50 48521 1466 0.3021E-01
2 29 51 48033 1081 0.2251E-01
2 29 52 48545 1012 0.2085E-01
2 29 53 48116 689 0.1432E-01
2 29 54 48385 631 0.1304E-01
2 29 55 48046 508 0.1057E-01
2 29 56 48041 390 0.8118E-02
2 29 57 48105 368 0.7650E-02
2 29 58 48264 309 0.6402E-02
2 30 30 49927 18371 0.3680
2 30 31 49903 17226 0.3452
2 30 32 49725 15944 0.3206
2 30 33 49835 14972 0.3004
2 30 34 49472 13672 0.2764
2 30 35 50024 13218 0.2642
2 30 36 49798 12012 0.2412
2 30 37 49813 11117 0.2232
2 30 38 50084 10428 0.2082
2 30 39 50187 9614 0.1916
2 30 40 49542 8197 0.1655
2 30 41 50095 7803 0.1558
2 30 42 49705 6675 0.1343
2 30 43 50106 6155 0.1228
2 30 44 49739 5115 0.1028
2 30 45 49888 4539 0.9098E-01
2 30 46 50037 3984 0.7962E-01
2 30 47 49968 3362 0.6728E-01
2 30 48 49827 2746 0.5511E-01
2 30 49 49712 2264 0.4554E-01
2 30 50 49751 1822 0.3662E-01
2 30 51 50219 1708 0.3401E-01
2 30 52 49965 1398 0.2798E-01
2 30 53 49752 1039 0.2088E-01
2 30 54 49964 886 0.1773E-01
2 30 55 49903 755 0.1513E-01
2 30 56 50016 604 0.1208E-01
2 30 57 50166 531 0.1058E-01
2 30 58 49713 385 0.7744E-02
2 30 59 50226 382 0.7606E-02
2 30 60 50018 293 0.5858E-02
2 31 31 51792 19114 0.3691
2 31 32 51886 18080 0.3485
2 31 33 51746 16821 0.3251
2 31 34 51769 15778 0.3048
2 31 35 51562 14581 0.2828
2 31 36 51822 13871 0.2677
2 31 37 51396 12511 0.2434
2 31 38 51910 12047 0.2321
2 31 39 51756 10954 0.2116
2 31 40 51676 9965 0.1928
2 31 41 50989 8502 0.1667
2 31 42 51767 8318 0.1607
2 31 43 51078 6912 0.1353
2 31 44 51414 6358 0.1237
2 31 45 52092 6089 0.1169
2 31 46 52001 5255 0.1011
2 31 47 51871 4483 0.8643E-01
2 31 48 52316 4163 0.7957E-01
2 31 49 51744 3237 0.6256E-01
2 31 50 51705 2660 0.5145E-01
2 31 51 51362 2045 0.3982E-01
2 31 52 51962 1967 0.3785E-01
2 31 53 50843 1242 0.2443E-01
2 31 54 51888 1320 0.2544E-01
2 31 55 51764 993 0.1918E-01
2 31 56 51428 785 0.1526E-01
2 31 57 51791 718 0.1386E-01
2 31 58 51540 600 0.1164E-01
2 31 59 51593 504 0.9769E-02
2 31 60 51542 423 0.8207E-02
2 31 61 51086 306 0.5990E-02
2 31 62 51468 279 0.5421E-02
2 32 32 53116 19363 0.3645
2 32 33 52896 18022 0.3407
2 32 34 53061 17044 0.3212
2 32 35 52840 15771 0.2985
2 32 36 53548 15461 0.2887
2 32 37 53698 14603 0.2719
2 32 38 52816 12829 0.2429
2 32 39 52985 11997 0.2264
2 32 40 53492 11543 0.2158
2 32 41 52879 10080 0.1906
2 32 42 53053 9340 0.1761
2 32 43 53568 8880 0.1658
2 32 44 53317 7853 0.1473
2 32 45 53303 7012 0.1315
2 32 46 53313 6240 0.1170
2 32 47 53716 5742 0.1069
2 32 48 53475 4833 0.9038E-01
2 32 49 53180 3999 0.7520E-01
2 32 50 52883 3263 0.6170E-01
2 32 51 53858 3299 0.6125E-01
2 32 52 53510 2553 0.4771E-01
2 32 53 53594 2165 0.4040E-01
2 32 54 53517 1759 0.3287E-01
2 32 55 52838 1191 0.2254E-01
2 32 56 52833 1064 0.2014E-01
2 32 57 53367 996 0.1866E-01
2 32 58 53275 761 0.1428E-01
2 32 59 53171 591 0.1112E-01
2 32 60 53559 561 0.1047E-01
2 32 61 53545 504 0.9413E-02
2 32 62 53278 411 0.7714E-02
2 32 63 53151 315 0.5927E-02
2 32 64 53452 315 0.5893E-02
2 33 33 54933 20066 0.3653
2 33 34 55172 19179 0.3476
2 33 35 54920 17797 0.3241
2 33 36 55047 16829 0.3057
2 33 37 55181 15955 0.2891
2 33 38 55068 14896 0.2705
2 33 39 55263 14073 0.2547
2 33 40 54847 12725 0.2320
2 33 41 54712 11692 0.2137
2 33 42 54866 10858 0.1979
2 33 43 54897 10064 0.1833
2 33 44 54956 9181 0.1671
2 33 45 55095 8408 0.1526
2 33 46 54742 7331 0.1339
2 33 47 55361 6974 0.1260
2 33 48 55076 6047 0.1098
2 33 49 54834 5049 0.9208E-01
2 33 50 54844 4433 0.8083E-01
2 33 51 54691 3771 0.6895E-01
2 33 52 54984 3278 0.5962E-01
2 33 53 54702 2579 0.4715E-01
2 33 54 54952 2261 0.4115E-01
2 33 55 54960 1935 0.3521E-01
2 33 56 54752 1491 0.2723E-01
2 33 57 55084 1320 0.2396E-01
2 33 58 55033 1153 0.2095E-01
2 33 59 55040 930 0.1690E-01
2 33 60 55036 787 0.1430E-01
2 33 61 54368 582 0.1070E-01
2 33 62 54849 531 0.9681E-02
2 33 63 55138 492 0.8923E-02
2 33 64 55089 407 0.7388E-02
2 33 65 55143 340 0.6166E-02
2 33 66 55247 348 0.6299E-02
2 34 34 56569 20601 0.3642
2 34 35 56680 19564 0.3452
2 34 36 56821 18550 0.3265
2 34 37 56439 17144 0.3038
2 34 38 56583 16253 0.2872
2 34 39 56593 15276 0.2699
2 34 40 56609 14353 0.2535
2 34 41 56530 13291 0.2351
2 34 42 55964 11862 0.2120
2 34 43 56562 11410 0.2017
2 34 44 56726 10651 0.1878
2 34 45 56392 9495 0.1684
2 34 46 56776 8923 0.1572
2 34 47 56767 8041 0.1416
2 34 48 56458 7008 0.1241
2 34 49 56831 6547 0.1152
2 34 50 56688 5646 0.9960E-01
2 34 51 56866 5059 0.8896E-01
2 34 52 56701 4295 0.7575E-01
2 34 53 56622 3716 0.6563E-01
2 34 54 56842 3170 0.5577E-01
2 34 55 56354 2517 0.4466E-01
2 34 56 56675 2185 0.3855E-01
2 34 57 56068 1587 0.2830E-01
2 34 58 56612 1560 0.2756E-01
2 34 59 56219 1126 0.2003E-01
2 34 60 56882 1073 0.1886E-01
2 34 61 56466 842 0.1491E-01
2 34 62 56569 751 0.1328E-01
2 34 63 57058 718 0.1258E-01
2 34 64 56437 503 0.8913E-02
2 34 65 56455 440 0.7794E-02
2 34 66 56789 373 0.6568E-02
2 34 67 56441 318 0.5634E-02
2 34 68 56564 287 0.5074E-02
2 35 35 58518 21460 0.3667
2 35 36 58664 20405 0.3478
2 35 37 57975 18620 0.3212
2 35 38 58309 17882 0.3067
2 35 39 58483 17024 0.2911
2 35 40 58271 15829 0.2716
2 35 41 58174 14766 0.2538
2 35 42 58757 14323 0.2438
2 35 43 58303 12955 0.2222
2 35 44 58431 12160 0.2081
2 35 45 58636 11376 0.1940
2 35 46 58244 10141 0.1741
2 35 47 58089 9138 0.1573
2 35 48 58319 8483 0.1455
2 35 49 58616 7809 0.1332
2 35 50 58012 6653 0.1147
2 35 51 58254 6029 0.1035
2 35 52 58034 5189 0.8941E-01
2 35 53 58200 4563 0.7840E-01
2 35 54 58511 4061 0.6941E-01
2 35 55 58572 3454 0.5897E-01
2 35 56 58644 3110 0.5303E-01
2 35 57 57686 2242 0.3887E-01
2 35 58 57621 1854 0.3218E-01
2 35 59 58048 1592 0.2743E-01
2 35 60 58299 1420 0.2436E-01
2 35 61 58516 1191 0.2035E-01
2 35 62 58418 981 0.1679E-01
2 35 63 57967 776 0.1339E-01
2 35 64 58056 665 0.1145E-01
2 35 65 58469 616 0.1054E-01
2 35 66 58204 459 0.7886E-02
2 35 67 58306 440 0.7546E-02
2 35 68 58115 352 0.6057E-02
2 35 69 58293 351 0.6021E-02
2 35 70 58854 330 0.5607E-02
2 36 36 59890 21723 0.3627
2 36 37 60064 20716 0.3449
2 36 38 60139 19646 0.3267
2 36 39 60484 18909 0.3126
2 36 40 60129 17547 0.2918
2 36 41 59760 16224 0.2715
2 36 42 60006 15476 0.2579
2 36 43 59719 14208 0.2379
2 36 44 59795 13376 0.2237
2 36 45 59937 12542 0.2093
2 36 46 60269 11877 0.1971
2 36 47 59826 10578 0.1768
2 36 48 60106 9917 0.1650
2 36 49 60179 9078 0.1508
2 36 50 59995 8181 0.1364
2 36 51 60309 7556 0.1253
2 36 52 59847 6395 0.1069
2 36 53 60357 5962 0.9878E-01
2 36 54 60108 5118 0.8515E-01
2 36 55 60053 4405 0.7335E-01
2 36 56 59792 3629 0.6069E-01
2 36 57 60455 3516 0.5816E-01
2 36 58 60519 2968 0.4904E-01
2 36 59 59749 2203 0.3687E-01
2 36 60 59837 1922 0.3212E-01
2 36 61 59459 1511 0.2541E-01
2 36 62 59928 1290 0.2153E-01
2 36 63 59952 1102 0.1838E-01
2 36 64 60027 1000 0.1666E-01
2 36 65 59948 770 0.1284E-01
2 36 66 60065 647 0.1077E-01
2 36 67 59922 541 0.9028E-02
2 36 68 60305 528 0.8755E-02
2 36 69 60036 421 0.7012E-02
2 36 70 60130 378 0.6286E-02
2 36 71 59634 320 0.5366E-02
2 36 72 59850 255 0.4261E-02
2 37 37 61367 22083 0.3599
2 37 38 61959 21484 0.3467
2 37 39 61935 20316 0.3280
2 37 40 61692 18999 0.3080
2 37 41 61925 18236 0.2945
2 37 42 61215 16608 0.2713
2 37 43 61612 15943 0.2588
2 37 44 61723 15090 0.2445
2 37 45 61580 14019 0.2277
2 37 46 62281 13647 0.2191
2 37 47 62368 12810 0.2054
2 37 48 61650 11173 0.1812
2 37 49 61740 10366 0.1679
2 37 50 61804 9621 0.1557
2 37 51 61067 8094 0.1325
2 37 52 61469 7583 0.1234
2 37 53 61372 6718 0.1095
2 37 54 61641 6187 0.1004
2 37 55 61687 5465 0.8859E-01
2 37 56 61502 4652 0.7564E-01
2 37 57 61965 4358 0.7033E-01
2 37 58 61585 3549 0.5763E-01
2 37 59 61890 3150 0.5090E-01
2 37 60 61705 2525 0.4092E-01
2 37 61 61685 2170 0.3518E-01
2 37 62 61337 1570 0.2560E-01
2 37 63 61672 1469 0.2382E-01
2 37 64 61918 1357 0.2192E-01
2 37 65 61817 1134 0.1834E-01
2 37 66 61565 889 0.1444E-01
2 37 67 61595 751 0.1219E-01
2 37 68 61376 589 0.9597E-02
2 37 69 61729 546 0.8845E-02
2 37 70 61981 519 0.8374E-02
2 37 71 62046 430 0.6930E-02
2 37 72 61347 357 0.5819E-02
2 37 73 61587 354 0.5748E-02
2 37 74 61800 286 0.4628E-02
2 38 38 63646 23255 0.3654
2 38 39 63436 21871 0.3448
2 38 40 63517 20803 0.3275
2 38 41 63349 19566 0.3089
2 38 42 63215 18431 0.2916
2 38 43 63886 18048 0.2825
2 38 44 63250 16448 0.2600
2 38 45 63137 15390 0.2438
2 38 46 63751 14987 0.2351
2 38 47 63725 13978 0.2193
2 38 48 63671 12985 0.2039
2 38 49 63216 11670 0.1846
2 38 50 63640 11085 0.1742
2 38 51 63784 10334 0.1620
2 38 52 63726 9384 0.1473
2 38 53 63417 8277 0.1305
2 38 54 63182 7296 0.1155
2 38 55 63188 6602 0.1045
2 38 56 63395 5932 0.9357E-01
2 38 57 63287 5088 0.8040E-01
2 38 58 63128 4417 0.6997E-01
2 38 59 63014 3688 0.5853E-01
2 38 60 63795 3655 0.5729E-01
2 38 61 63442 2909 0.4585E-01
2 38 62 63059 2252 0.3571E-01
2 38 63 63087 1955 0.3099E-01
2 38 64 62930 1534 0.2438E-01
2 38 65 63392 1465 0.2311E-01
2 38 66 63039 1138 0.1805E-01
2 38 67 63749 1075 0.1686E-01
2 38 68 63374 840 0.1325E-01
2 38 69 63228 722 0.1142E-01
2 38 70 63639 673 0.1058E-01
2 38 71 63365 534 0.8427E-02
2 38 72 63351 453 0.7151E-02
2 38 73 63394 439 0.6925E-02
2 38 74 62905 363 0.5771E-02
2 38 75 63009 351 0.5571E-02
2 38 76 63361 273 0.4309E-02
2 39 39 65021 23532 0.3619
2 39 40 64819 22163 0.3419
2 39 41 65334 21514 0.3293
2 39 42 64689 19808 0.3062
2 39 43 65284 19350 0.2964
2 39 44 65377 18442 0.2821
2 39 45 65073 17140 0.2634
2 39 46 64901 16006 0.2466
2 39 47 64852 14996 0.2312
2 39 48 64672 13909 0.2151
2 39 49 65070 13289 0.2042
2 39 50 65412 12633 0.1931
2 39 51 64724 11113 0.1717
2 39 52 65185 10659 0.1635
2 39 53 65164 9648 0.1481
2 39 54 65201 8865 0.1360
2 39 55 64884 7820 0.1205
2 39 56 65010 7156 0.1101
2 39 57 65206 6479 0.9936E-01
2 39 58 65108 5600 0.8601E-01
2 39 59 64711 4654 0.7192E-01
2 39 60 64209 3888 0.6055E-01
2 39 61 65308 3842 0.5883E-01
2 39 62 64641 2992 0.4629E-01
2 39 63 65028 2645 0.4067E-01
2 39 64 65141 2257 0.3465E-01
2 39 65 64594 1801 0.2788E-01
2 39 66 65133 1670 0.2564E-01
2 39 67 64394 1211 0.1881E-01
2 39 68 64388 986 0.1531E-01
2 39 69 64520 834 0.1293E-01
2 39 70 64580 765 0.1185E-01
2 39 71 64886 716 0.1103E-01
2 39 72 65092 620 0.9525E-02
2 39 73 64700 517 0.7991E-02
2 39 74 64987 442 0.6801E-02
2 39 75 65051 436 0.6702E-02
2 39 76 65062 356 0.5472E-02
2 39 77 65470 379 0.5789E-02
2 39 78 64913 270 0.4159E-02
2 40 40 66386 23768 0.3580
2 40 41 66368 22616 0.3408
2 40 42 66949 22004 0.3287
2 40 43 66506 20501 0.3083
2 40 44 66444 19430 0.2924
2 40 45 66882 18828 0.2815
2 40 46 66045 17060 0.2583
2 40 47 66713 16673 0.2499
2 40 48 66738 15704 0.2353
2 40 49 66582 14606 0.2194
2 40 50 66790 13855 0.2074
2 40 51 66212 12435 0.1878
2 40 52 66714 11903 0.1784
2 40 53 66718 11092 0.1663
2 40 54 66858 10280 0.1538
2 40 55 66500 9092 0.1367
2 40 56 66367 8092 0.1219
2 40 57 66488 7409 0.1114
2 40 58 66675 6700 0.1005
2 40 59 66536 5874 0.8828E-01
2 40 60 66540 5182 0.7788E-01
2 40 61 66429 4525 0.6812E-01
2 40 62 66743 4089 0.6126E-01
2 40 63 66410 3363 0.5064E-01
2 40 64 67184 3263 0.4857E-01
2 40 65 66937 2666 0.3983E-01
2 40 66 66702 2158 0.3235E-01
2 40 67 66647 1790 0.2686E-01
2 40 68 66374 1423 0.2144E-01
2 40 69 66474 1167 0.1756E-01
2 40 70 66897 1101 0.1646E-01
2 40 71 66656 887 0.1331E-01
2 40 72 66880 815 0.1219E-01
2 40 73 66527 639 0.9605E-02
2 40 74 66717 625 0.9368E-02
2 40 75 66836 553 0.8274E-02
2 40 76 66955 470 0.7020E-02
2 40 77 66717 394 0.5906E-02
2 40 78 66801 352 0.5269E-02
2 40 79 66736 300 0.4495E-02
2 40 80 66776 287 0.4298E-02
3 1 1 1671 1034 0.6188
3 1 2 1683 636 0.3779
3 2 2 3334 1827 0.5480
3 2 3 3291 1263 0.3838
3 2 4 3293 868 0.2636
3 3 3 5037 2613 0.5188
3 3 4 4951 1914 0.3866
3 3 5 5027 1448 0.2880
3 3 6 5040 1015 0.2014
3 4 4 6691 3271 0.4889
3 4 5 6694 2609 0.3898
3 4 6 6776 2070 0.3055
3 4 7 6711 1473 0.2195
3 4 8 6657 987 0.1483
3 5 5 8434 4039 0.4789
3 5 6 8322 3230 0.3881
3 5 7 8336 2547 0.3055
3 5 8 8227 1848 0.2246
3 5 9 8228 1300 0.1580
3 5 10 8367 961 0.1149
3 6 6 10045 4660 0.4639
3 6 7 10100 3945 0.3906
3 6 8 10038 3161 0.3149
3 6 9 10104 2473 0.2448
3 6 10 10060 1816 0.1805
3 6 11 9887 1241 0.1255
3 6 12 10019 943 0.9412E-01
3 7 7 11657 5244 0.4499
3 7 8 11528 4372 0.3793
3 7 9 11863 3830 0.3229
3 7 10 11754 2969 0.2526
3 7 11 11664 2239 0.1920
3 7 12 11705 1693 0.1446
3 7 13 11844 1325 0.1119
3 7 14 11872 1018 0.8575E-01
3 8 8 13487 6034 0.4474
3 8 9 13281 5028 0.3786
3 8 10 13361 4272 0.3197
3 8 11 13465 3508 0.2605
3 8 12 13272 2625 0.1978
3 8 13 13401 2151 0.1605
3 8 14 13492 1677 0.1243
3 8 15 13326 1193 0.8952E-01
3 8 16 13284 839 0.6316E-01
3 9 9 14956 6477 0.4331
3 9 10 15047 5731 0.3809
3 9 11 15029 4840 0.3220
3 9 12 15054 3992 0.2652
3 9 13 15004 3175 0.2116
3 9 14 15005 2517 0.1677
3 9 15 15192 2076 0.1367
3 9 16 15106 1559 0.1032
3 9 17 14901 1103 0.7402E-01
3 9 18 14834 775 0.5224E-01
3 10 10 16653 7108 0.4268
3 10 11 16583 6171 0.3721
3 10 12 16534 5243 0.3171
3 10 13 16429 4321 0.2630
3 10 14 16537 3592 0.2172
3 10 15 16744 3045 0.1819
3 10 16 16716 2409 0.1441
3 10 17 16660 1842 0.1106
3 10 18 16828 1508 0.8961E-01
3 10 19 16544 1036 0.6262E-01
3 10 20 16816 849 0.5049E-01
3 11 11 18216 7648 0.4199
3 11 12 18476 6949 0.3761
3 11 13 18373 5951 0.3239
3 11 14 18152 4900 0.2699
3 11 15 18299 4140 0.2262
3 11 16 18447 3536 0.1917
3 11 17 18374 2793 0.1520
3 11 18 18635 2404 0.1290
3 11 19 18185 1660 0.9128E-01
3 11 20 18195 1264 0.6947E-01
3 11 21 18489 1095 0.5922E-01
3 11 22 18304 740 0.4043E-01
3 12 12 20043 8393 0.4187
3 12 13 20080 7500 0.3735
3 12 14 19988 6518 0.3261
3 12 15 20089 5673 0.2824
3 12 16 20161 4827 0.2394
3 12 17 19928 3884 0.1949
3 12 18 19923 3183 0.1598
3 12 19 19909 2539 0.1275
3 12 20 20096 2177 0.1083
3 12 21 20053 1640 0.8178E-01
3 12 22 20142 1343 0.6668E-01
3 12 23 19871 941 0.4736E-01
3 12 24 20050 741 0.3696E-01
3 13 13 21480 8752 0.4074
3 13 14 21610 7950 0.3679
3 13 15 21557 6920 0.3210
3 13 16 21682 6120 0.2823
3 13 17 21559 5121 0.2375
3 13 18 21547 4348 0.2018
3 13 19 21553 3613 0.1676
3 13 20 21369 2868 0.1342
3 13 21 21741 2494 0.1147
3 13 22 21660 1979 0.9137E-01
3 13 23 21506 1492 0.6938E-01
3 13 24 21728 1184 0.5449E-01
3 13 25 21571 877 0.4066E-01
3 13 26 21683 696 0.3210E-01
3 14 14 23344 9534 0.4084
3 14 15 23440 8659 0.3694
3 14 16 23195 7483 0.3226
3 14 17 23080 6423 0.2783
3 14 18 23549 5923 0.2515
3 14 19 23466 5022 0.2140
3 14 20 23482 4302 0.1832
3 14 21 23366 3515 0.1504
3 14 22 23176 2780 0.1200
3 14 23 23396 2323 0.9929E-01
3 14 24 23481 1891 0.8053E-01
3 14 25 23184 1383 0.5965E-01
3 14 26 23325 1111 0.4763E-01
3 14 27 23374 906 0.3876E-01
3 14 28 23270 626 0.2690E-01
3 15 15 24877 9991 0.4016
3 15 16 24893 9047 0.3634
3 15 17 25027 8189 0.3272
3 15 18 24716 6934 0.2805
3 15 19 24953 6217 0.2491
3 15 20 24817 5256 0.2118
3 15 21 25075 4736 0.1889
3 15 22 24941 3907 0.1566
3 15 23 25143 3352 0.1333
3 15 24 24871 2629 0.1057
3 15 25 24863 2086 0.8390E-01
3 15 26 25106 1802 0.7178E-01
3 15 27 25179 1466 0.5822E-01
3 15 28 24911 1013 0.4066E-01
3 15 29 24678 722 0.2926E-01
3 15 30 24386 546 0.2239E-01
3 16 16 26526 10565 0.3983
3 16 17 26787 9834 0.3671
3 16 18 26655 8691 0.3261
3 16 19 26233 7368 0.2809
3 16 20 26268 6495 0.2473
3 16 21 26681 5973 0.2239
3 16 22 26973 5376 0.1993
3 16 23 26525 4278 0.1613
3 16 24 26602 3622 0.1362
3 16 25 26666 3056 0.1146
3 16 26 26931 2628 0.9758E-01
3 16 27 26661 1967 0.7378E-01
3 16 28 26410 1510 0.5718E-01
3 16 29 26549 1220 0.4595E-01
3 16 30 26923 1087 0.4037E-01
3 16 31 26783 788 0.2942E-01
3 16 32 26723 635 0.2376E-01
3 17 17 28387 11333 0.3992
3 17 18 28329 10297 0.3635
3 17 19 28280 9227 0.3263
3 17 20 28212 8133 0.2883
3 17 21 28241 7219 0.2556
3 17 22 28438 6576 0.2312
3 17 23 28364 5668 0.1998
3 17 24 28554 5046 0.1767
3 17 25 28411 4141 0.1458
3 17 26 28257 3431 0.1214
3 17 27 28193 2790 0.9896E-01
3 17 28 28381 2344 0.8259E-01
3 17 29 28476 1980 0.6953E-01
3 17 30 28464 1576 0.5537E-01
3 17 31 28146 1146 0.4072E-01
3 17 32 28040 911 0.3249E-01
3 17 33 28323 748 0.2641E-01
3 17 34 28145 585 0.2079E-01
3 18 18 30351 12167 0.4009
3 18 19 30103 10939 0.3634
3 18 20 30028 9861 0.3284
3 18 21 30103 8922 0.2964
3 18 22 29945 7777 0.2597
3 18 23 29993 6984 0.2329
3 18 24 30093 6244 0.2075
3 18 25 29594 5077 0.1716
3 18 26 29875 4520 0.1513
3 18 27 30114 3982 0.1322
3 18 28 29868 3162 0.1059
3 18 29 30041 2754 0.9167E-01
3 18 30 29912 2147 0.7178E-01
3 18 31 29887 1763 0.5899E-01
3 18 32 30034 1372 0.4568E-01
3 18 33 30445 1276 0.4191E-01
3 18 34 29978 862 0.2875E-01
3 18 35 29927 708 0.2366E-01
3 18 36 29897 562 0.1880E-01
3 19 19 31494 12284 0.3900
3 19 20 31721 11475 0.3617
3 19 21 31583 10327 0.3270
3 19 22 31843 9528 0.2992
3 19 23 31897 8579 0.2690
3 19 24 31717 7552 0.2381
3 19 25 31594 6581 0.2083
3 19 26 31572 5746 0.1820
3 19 27 31554 4958 0.1571
3 19 28 31752 4394 0.1384
3 19 29 31549 3537 0.1121
3 19 30 31962 3209 0.1004
3 19 31 31469 2399 0.7623E-01
3 19 32 31794 2134 0.6712E-01
3 19 33 31796 1733 0.5450E-01
3 19 34 31599 1348 0.4266E-01
3 19 35 31573 1077 0.3411E-01
3 19 36 31288 857 0.2739E-01
3 19 37 31496 659 0.2092E-01
3 19 38 31599 555 0.1756E-01
3 20 20 33479 13136 0.3924
3 20 21 33578 12225 0.3641
3 20 22 33573 11175 0.3329
3 20 23 33324 9916 0.2976
3 20 24 33461 9071 0.2711
3 20 25 33393 8100 0.2426
3 20 26 32645 6607 0.2024
3 20 27 33540 6493 0.1936
3 20 28 33410 5577 0.1669
3 20 29 33358 4839 0.1451
3 20 30 33333 4055 0.1217
3 20 31 33447 3507 0.1049
3 20 32 33267 2915 0.8762E-01
3 20 33 33034 2190 0.6630E-01
3 20 34 33224 1836 0.5526E-01
3 20 35 33365 1621 0.4858E-01
3 20 36 33286 1236 0.3713E-01
3 20 37 33221 927 0.2790E-01
3 20 38 33406 852 0.2550E-01
3 20 39 33664 734 0.2180E-01
3 20 40 33141 543 0.1638E-01
3 21 21 35331 13923 0.3941
3 21 22 35023 12596 0.3596
3 21 23 35299 11771 0.3335
3 21 24 34913 10376 0.2972
3 21 25 34833 9338 0.2681
3 21 26 34627 8229 0.2376
3 21 27 35024 7688 0.2195
3 21 28 35374 7141 0.2019
3 21 29 35121 6106 0.1739
3 21 30 35122 5312 0.1512
3 21 31 35154 4596 0.1307
3 21 32 35072 3931 0.1121
3 21 33 35233 3351 0.9511E-01
3 21 34 35258 2859 0.8109E-01
3 21 35 35164 2341 0.6657E-01
3 21 36 35177 1806 0.5134E-01
3 21 37 35247 1577 0.4474E-01
3 21 38 34997 1207 0.3449E-01
3 21 39 35066 903 0.2575E-01
3 21 40 35543 893 0.2512E-01
3 21 41 35163 683 0.1942E-01
3 21 42 35228 573 0.1627E-01
3 22 22 36905 14387 0.3898
3 22 23 36506 12975 0.3554
3 22 24 36785 12183 0.3312
3 22 25 36358 10761 0.2960
3 22 26 36397 9751 0.2679
3 22 27 36676 9101 0.2481
3 22 28 36700 8223 0.2241
3 22 29 36597 7312 0.1998
3 22 30 36659 6493 0.1771
3 22 31 36879 5907 0.1602
3 22 32 36504 4850 0.1329
3 22 33 36995 4507 0.1218
3 22 34 36627 3587 0.9793E-01
3 22 35 36494 2967 0.8130E-01
3 22 36 36437 2430 0.6669E-01
3 22 37 36306 1928 0.5310E-01
3 22 38 36788 1720 0.4675E-01
3 22 39 36756 1467 0.3991E-01
3 22 40 36693 1162 0.3167E-01
3 22 41 36700 912 0.2485E-01
3 22 42 36730 796 0.2167E-01
3 22 43 36759 638 0.1736E-01
3 22 44 36204 459 0.1268E-01
3 23 23 38278 14678 0.3835
3 23 24 38240 13585 0.3553
3 23 25 38101 12413 0.3258
3 23 26 38093 11339 0.2977
3 23 27 38147 10379 0.2721
3 23 28 38071 9393 0.2467
3 23 29 37835 8305 0.2195
3 23 30 38479 7973 0.2072
3 23 31 38675 7278 0.1882
3 23 32 38339 6269 0.1635
3 23 33 38401 5439 0.1416
3 23 34 38549 4854 0.1259
3 23 35 38351 4069 0.1061
3 23 36 38187 3308 0.8663E-01
3 23 37 38220 2818 0.7373E-01
3 23 38 38503 2439 0.6335E-01
3 23 39 38091 1886 0.4951E-01
3 23 40 37795 1410 0.3731E-01
3 23 41 38290 1325 0.3460E-01
3 23 42 38742 1158 0.2989E-01
3 23 43 38738 944 0.2437E-01
3 23 44 38387 749 0.1951E-01
3 23 45 38639 635 0.1643E-01
3 23 46 38693 572 0.1478E-01
3 24 24 40112 15389 0.3837
3 24 25 39966 14253 0.3566
3 24 26 39837 13031 0.3271
3 24 27 39645 11754 0.2965
3 24 28 40390 11464 0.2838
3 24 29 40257 10380 0.2578
3 24 30 39771 9047 0.2275
3 24 31 39943 8311 0.2081
3 24 32 39936 7451 0.1866
3 24 33 39793 6560 0.1649
3 24 34 39503 5562 0.1408
3 24 35 40002 5130 0.1282
3 24 36 39642 4209 0.1062
3 24 37 39827 3682 0.9245E-01
3 24 38 40003 3208 0.8019E-01
3 24 39 40009 2680 0.6698E-01
3 24 40 39823 2186 0.5489E-01
3 24 41 40195 1908 0.4747E-01
3 24 42 40079 1516 0.3783E-01
3 24 43 40062 1227 0.3063E-01
3 24 44 39693 958 0.2414E-01
3 24 45 40036 835 0.2086E-01
3 24 46 40244 755 0.1876E-01
3 24 47 40045 578 0.1443E-01
3 24 48 39668 488 0.1230E-01
3 25 25 41708 15949 0.3824
3 25 26 41480 14636 0.3528
3 25 27 41824 13904 0.3324
3 25 28 41470 12452 0.3003
3 25 29 41132 11166 0.2715
3 25 30 41607 10683 0.2568
3 25 31 41759 9896 0.2370
3 25 32 41548 8786 0.2115
3 25 33 41764 8083 0.1935
3 25 34 41654 7191 0.1726
3 25 35 41657 6394 0.1535
3 25 36 41062 5206 0.1268
3 25 37 41553 4803 0.1156
3 25 38 41851 4334 0.1036
3 25 39 41656 3600 0.8642E-01
3 25 40 41631 2929 0.7036E-01
3 25 41 42007 2663 0.6339E-01
3 25 42 41544 2044 0.4920E-01
3 25 43 41617 1706 0.4099E-01
3 25 44 41734 1459 0.3496E-01
3 25 45 41750 1213 0.2905E-01
3 25 46 40895 845 0.2066E-01
3 25 47 41426 718 0.1733E-01
3 25 48 41815 674 0.1612E-01
3 25 49 41759 563 0.1348E-01
3 25 50 41791 543 0.1299E-01
3 26 26 43468 16607 0.3821
3 26 27 43015 15085 0.3507
3 26 28 43247 14224 0.3289
3 26 29 43271 13144 0.3038
3 26 30 43357 12201 0.2814
3 26 31 43416 11321 0.2608
3 26 32 43506 10483 0.2410
3 26 33 43258 9332 0.2157
3 26 34 43508 8698 0.1999
3 26 35 43424 7743 0.1783
3 26 36 43471 6931 0.1594
3 26 37 43177 5956 0.1379
3 26 38 43196 5220 0.1208
3 26 39 43648 4834 0.1107
3 26 40 42989 3756 0.8737E-01
3 26 41 42819 3042 0.7104E-01
3 26 42 43590 2938 0.6740E-01
3 26 43 43406 2388 0.5502E-01
3 26 44 43211 1864 0.4314E-01
3 26 45 43243 1609 0.3721E-01
3 26 46 43300 1382 0.3192E-01
3 26 47 43035 1075 0.2498E-01
3 26 48 43540 970 0.2228E-01
3 26 49 43293 818 0.1889E-01
3 26 50 42852 630 0.1470E-01
3 26 51 43280 591 0.1366E-01
3 26 52 43300 463 0.1069E-01
3 27 27 45230 17212 0.3805
3 27 28 45050 15989 0.3549
3 27 29 45000 14865 0.3303
3 27 30 44758 13488 0.3014
3 27 31 44766 12513 0.2795
3 27 32 45116 11902 0.2638
3 27 33 44282 10227 0.2310
3 27 34 45028 9971 0.2214
3 27 35 44879 8934 0.1991
3 27 36 44965 8179 0.1819
3 27 37 44871 7218 0.1609
3 27 38 44748 6352 0.1420
3 27 39 45233 5887 0.1301
3 27 40 44873 4969 0.1107
3 27 41 45272 4534 0.1002
3 27 42 45071 3762 0.8347E-01
3 27 43 44772 3103 0.6931E-01
3 27 44 45051 2704 0.6002E-01
3 27 45 44740 2092 0.4676E-01
3 27 46 44933 1834 0.4082E-01
3 27 47 44987 1488 0.3308E-01
3 27 48 44762 1209 0.2701E-01
3 27 49 45077 1109 0.2460E-01
3 27 50 45085 935 0.2074E-01
3 27 51 44500 724 0.1627E-01
3 27 52 45315 699 0.1543E-01
3 27 53 45127 583 0.1292E-01
3 27 54 45037 456 0.1013E-01
3 28 28 46761 17655 0.3776
3 28 29 46576 16432 0.3528
3 28 30 46440 15175 0.3268
3 28 31 46688 14317 0.3067
3 28 32 46459 13060 0.2811
3 28 33 47014 12635 0.2687
3 28 34 46550 11272 0.2421
3 28 35 46817 10603 0.2265
3 28 36 46420 9328 0.2009
3 28 37 46793 8791 0.1879
3 28 38 46595 7746 0.1662
3 28 39 46987 7257 0.1544
3 28 40 46245 5915 0.1279
3 28 41 47157 5873 0.1245
3 28 42 46590 4755 0.1021
3 28 43 46685 4107 0.8797E-01
3 28 44 46572 3502 0.7520E-01
3 28 45 46777 3046 0.6512E-01
3 28 46 47067 2688 0.5711E-01
3 28 47 46427 2011 0.4332E-01
3 28 48 46995 1904 0.4051E-01
3 28 49 46582 1439 0.3089E-01
3 28 50 46374 1202 0.2592E-01
3 28 51 46681 1016 0.2176E-01
3 28 52 46858 918 0.1959E-01
3 28 53 46805 731 0.1562E-01
3 28 54 46667 630 0.1350E-01
3 28 55 46786 556 0.1188E-01
3 28 56 46700 473 0.1013E-01
3 29 29 48353 18165 0.3757
3 29 30 48747 17443 0.3578
3 29 31 48502 16094 0.3318
3 29 32 48710 15220 0.3125
3 29 33 48080 13601 0.2829
3 29 34 48573 13099 0.2697
3 29 35 48361 11928 0.2466
3 29 36 48324 10963 0.2269
3 29 37 48598 10342 0.2128
3 29 38 48093 8981 0.1867
3 29 39 48241 8248 0.1710
3 29 40 48397 7536 0.1557
3 29 41 48058 6489 0.1350
3 29 42 48238 5869 0.1217
3 29 43 48344 5138 0.1063
3 29 44 48109 4329 0.8998E-01
3 29 45 48425 3926 0.8107E-01
3 29 46 48480 3399 0.7011E-01
3 29 47 48603 2895 0.5956E-01
3 29 48 48197 2297 0.4766E-01
3 29 49 48554 2067 0.4257E-01
3 29 50 48578 1782 0.3668E-01
3 29 51 48329 1306 0.2702E-01
3 29 52 48391 1156 0.2389E-01
3 29 53 48488 1047 0.2159E-01
3 29 54 48414 892 0.1842E-01
3 29 55 48116 667 0.1386E-01
3 29 56 48218 570 0.1182E-01
3 29 57 48065 507 0.1055E-01
3 29 58 48415 453 0.9357E-02
3 30 30 50239 18955 0.3773
3 30 31 50323 17923 0.3562
3 30 32 50092 16630 0.3320
3 30 33 49924 15333 0.3071
3 30 34 49811 14214 0.2854
3 30 35 49771 13192 0.2651
3 30 36 50184 12622 0.2515
3 30 37 50032 11538 0.2306
3 30 38 50133 10734 0.2141
3 30 39 50005 9735 0.1947
3 30 40 50294 9066 0.1803
3 30 41 50031 7955 0.1590
3 30 42 49786 6984 0.1403
3 30 43 50246 6525 0.1299
3 30 44 50117 5693 0.1136
3 30 45 49883 4779 0.9580E-01
3 30 46 49959 4201 0.8409E-01
3 30 47 49961 3622 0.7250E-01
3 30 48 50159 3228 0.6436E-01
3 30 49 50079 2724 0.5439E-01
3 30 50 50136 2288 0.4564E-01
3 30 51 50291 1956 0.3889E-01
3 30 52 50288 1623 0.3227E-01
3 30 53 49896 1265 0.2535E-01
3 30 54 50260 1173 0.2334E-01
3 30 55 49991 994 0.1988E-01
3 30 56 50171 822 0.1638E-01
3 30 57 50166 777 0.1549E-01
3 30 58 49791 584 0.1173E-01
3 30 59 50016 548 0.1096E-01
3 30 60 50319 467 0.9281E-02
3 31 31 51628 19260 0.3731
3 31 32 51420 17944 0.3490
3 31 33 51476 16888 0.3281
3 31 34 51921 16206 0.3121
3 31 35 51880 15122 0.2915
3 31 36 51692 13990 0.2706
3 31 37 51533 12860 0.2495
3 31 38 51724 12091 0.2338
3 31 39 51172 10680 0.2087
3 31 40 51299 9901 0.1930
3 31 41 51957 9568 0.1842
3 31 42 51340 8230 0.1603
3 31 43 51987 7905 0.1521
3 31 44 51716 6843 0.1323
3 31 45 51491 5951 0.1156
3 31 46 51835 5473 0.1056
3 31 47 51895 4778 0.9207E-01
3 31 48 51732 4032 0.7794E-01
3 31 49 51412 3363 0.6541E-01
3 31 50 51813 3060 0.5906E-01
3 31 51 52119 2751 0.5278E-01
3 31 52 51886 2223 0.4284E-01
3 31 53 51777 1812 0.3500E-01
3 31 54 51683 1497 0.2897E-01
3 31 55 51808 1314 0.2536E-01
3 31 56 51363 937 0.1824E-01
3 31 57 51638 948 0.1836E-01
3 31 58 51768 822 0.1588E-01
3 31 59 51711 659 0.1274E-01
3 31 60 51247 551 0.1075E-01
3 31 61 51691 543 0.1050E-01
3 31 62 51803 454 0.8764E-02
3 32 32 53267 19814 0.3720
3 32 33 53224 18669 0.3508
3 32 34 53181 17453 0.3282
3 32 35 53398 16580 0.3105
3 32 36 53541 15673 0.2927
3 32 37 53348 14525 0.2723
3 32 38 53259 13470 0.2529
3 32 39 53131 12384 0.2331
3 32 40 52992 11358 0.2143
3 32 41 53484 10862 0.2031
3 32 42 53568 10029 0.1872
3 32 43 53400 9039 0.1693
3 32 44 53239 8017 0.1506
3 32 45 53208 7246 0.1362
3 32 46 53299 6522 0.1224
3 32 47 53598 6010 0.1121
3 32 48 53681 5276 0.9828E-01
3 32 49 52890 4178 0.7899E-01
3 32 50 53114 3664 0.6898E-01
3 32 51 53270 3237 0.6077E-01
3 32 52 53290 2758 0.5175E-01
3 32 53 53095 2305 0.4341E-01
3 32 54 53146 1911 0.3596E-01
3 32 55 53353 1614 0.3025E-01
3 32 56 53482 1437 0.2687E-01
3 32 57 53291 1194 0.2241E-01
3 32 58 53369 976 0.1829E-01
3 32 59 53413 906 0.1696E-01
3 32 60 53020 710 0.1339E-01
3 32 61 53327 682 0.1279E-01
3 32 62 52830 517 0.9786E-02
3 32 63 53144 499 0.9390E-02
3 32 64 53355 437 0.8190E-02
3 33 33 55056 20467 0.3717
3 33 34 54848 19190 0.3499
3 33 35 54685 17886 0.3271
3 33 36 54974 17048 0.3101
3 33 37 55308 16307 0.2948
3 33 38 55068 15114 0.2745
3 33 39 54735 13834 0.2527
3 33 40 55126 13247 0.2403
3 33 41 54668 11915 0.2180
3 33 42 54969 11221 0.2041
3 33 43 54841 10178 0.1856
3 33 44 54792 9278 0.1693
3 33 45 54560 8222 0.1507
3 33 46 54837 7588 0.1384
3 33 47 54850 6882 0.1255
3 33 48 55066 6223 0.1130
3 33 49 55304 5658 0.1023
3 33 50 54957 4852 0.8829E-01
3 33 51 55270 4308 0.7794E-01
3 33 52 55186 3700 0.6705E-01
3 33 53 55020 3124 0.5678E-01
3 33 54 55194 2658 0.4816E-01
3 33 55 55092 2197 0.3988E-01
3 33 56 55039 1890 0.3434E-01
3 33 57 55072 1602 0.2909E-01
3 33 58 54971 1326 0.2412E-01
3 33 59 55305 1220 0.2206E-01
3 33 60 54915 966 0.1759E-01
3 33 61 55035 866 0.1574E-01
3 33 62 55070 731 0.1327E-01
3 33 63 55212 662 0.1199E-01
3 33 64 55099 622 0.1129E-01
3 33 65 54626 487 0.8915E-02
3 33 66 54490 375 0.6882E-02
3 34 34 56885 21184 0.3724
3 34 35 56579 19801 0.3500
3 34 36 56521 18593 0.3290
3 34 37 56599 17569 0.3104
3 34 38 56560 16477 0.2913
3 34 39 56677 15595 0.2752
3 34 40 56532 14469 0.2559
3 34 41 56909 13859 0.2435
3 34 42 56926 12937 0.2273
3 34 43 56530 11642 0.2059
3 34 44 56566 10811 0.1911
3 34 45 56816 10127 0.1782
3 34 46 56696 9096 0.1604
3 34 47 56663 8268 0.1459
3 34 48 56764 7529 0.1326
3 34 49 56546 6588 0.1165
3 34 50 56702 5918 0.1044
3 34 51 56819 5296 0.9321E-01
3 34 52 56804 4594 0.8087E-01
3 34 53 56398 3759 0.6665E-01
3 34 54 56641 3336 0.5890E-01
3 34 55 56571 2954 0.5222E-01
3 34 56 56520 2382 0.4214E-01
3 34 57 56883 2177 0.3827E-01
3 34 58 56608 1791 0.3164E-01
3 34 59 56434 1486 0.2633E-01
3 34 60 56670 1258 0.2220E-01
3 34 61 56517 1073 0.1899E-01
3 34 62 56903 1019 0.1791E-01
3 34 63 56866 880 0.1547E-01
3 34 64 56696 754 0.1330E-01
3 34 65 55912 563 0.1007E-01
3 34 66 56941 551 0.9677E-02
3 34 67 56967 512 0.8988E-02
3 34 68 56765 418 0.7364E-02
3 35 35 58675 21872 0.3728
3 35 36 58762 20864 0.3551
3 35 37 58488 19438 0.3323
3 35 38 58043 17897 0.3083
3 35 39 58644 17410 0.2969
3 35 40 58005 15814 0.2726
3 35 41 58086 14931 0.2570
3 35 42 58396 14247 0.2440
3 35 43 58216 13143 0.2258
3 35 44 58189 12171 0.2092
3 35 45 58134 11196 0.1926
3 35 46 58025 10219 0.1761
3 35 47 58524 9745 0.1665
3 35 48 58377 8755 0.1500
3 35 49 58315 7921 0.1358
3 35 50 58118 6920 0.1191
3 35 51 57961 6083 0.1049
3 35 52 58322 5604 0.9609E-01
3 35 53 58343 5015 0.8596E-01
3 35 54 58633 4532 0.7729E-01
3 35 55 58668 3953 0.6738E-01
3 35 56 58771 3408 0.5799E-01
3 35 57 58399 2761 0.4728E-01
3 35 58 58518 2413 0.4124E-01
3 35 59 58289 2006 0.3441E-01
3 35 60 58174 1623 0.2790E-01
3 35 61 58544 1500 0.2562E-01
3 35 62 58586 1287 0.2197E-01
3 35 63 57841 1003 0.1734E-01
3 35 64 58609 1023 0.1745E-01
3 35 65 58220 785 0.1348E-01
3 35 66 58236 715 0.1228E-01
3 35 67 58192 607 0.1043E-01
3 35 68 58000 549 0.9466E-02
3 35 69 58076 476 0.8196E-02
3 35 70 58253 479 0.8223E-02
3 36 36 59628 21765 0.3650
3 36 37 59732 20736 0.3472
3 36 38 59947 19818 0.3306
3 36 39 60448 19129 0.3165
3 36 40 60230 17878 0.2968
3 36 41 60121 16798 0.2794
3 36 42 60003 15686 0.2614
3 36 43 59882 14626 0.2442
3 36 44 60147 13881 0.2308
3 36 45 60032 12867 0.2143
3 36 46 59446 11432 0.1923
3 36 47 60519 11446 0.1891
3 36 48 60108 10169 0.1692
3 36 49 60262 9448 0.1568
3 36 50 60119 8465 0.1408
3 36 51 59859 7447 0.1244
3 36 52 59597 6503 0.1091
3 36 53 59676 5817 0.9748E-01
3 36 54 60082 5369 0.8936E-01
3 36 55 60210 4747 0.7884E-01
3 36 56 60103 4103 0.6827E-01
3 36 57 60184 3580 0.5948E-01
3 36 58 59865 2885 0.4819E-01
3 36 59 60494 2798 0.4625E-01
3 36 60 60201 2177 0.3616E-01
3 36 61 60257 1958 0.3249E-01
3 36 62 60071 1595 0.2655E-01
3 36 63 60170 1450 0.2410E-01
3 36 64 59887 1130 0.1887E-01
3 36 65 60272 1054 0.1749E-01
3 36 66 59974 926 0.1544E-01
3 36 67 60235 769 0.1277E-01
3 36 68 60568 773 0.1276E-01
3 36 69 59750 526 0.8803E-02
3 36 70 59870 512 0.8552E-02
3 36 71 60195 515 0.8556E-02
3 36 72 60208 490 0.8138E-02
3 37 37 61477 22479 0.3656
3 37 38 61376 21298 0.3470
3 37 39 61359 20104 0.3276
3 37 40 61763 19349 0.3133
3 37 41 62002 18519 0.2987
3 37 42 61807 17324 0.2803
3 37 43 61729 16280 0.2637
3 37 44 61987 15571 0.2512
3 37 45 61799 14427 0.2335
3 37 46 61519 13230 0.2151
3 37 47 61261 12053 0.1967
3 37 48 61820 11664 0.1887
3 37 49 61731 10644 0.1724
3 37 50 61422 9517 0.1549
3 37 51 61830 8954 0.1448
3 37 52 61738 8132 0.1317
3 37 53 61246 6915 0.1129
3 37 54 61983 6700 0.1081
3 37 55 61888 5878 0.9498E-01
3 37 56 61821 5264 0.8515E-01
3 37 57 61764 4545 0.7359E-01
3 37 58 61922 4036 0.6518E-01
3 37 59 61635 3248 0.5270E-01
3 37 60 61454 2761 0.4493E-01
3 37 61 61383 2318 0.3776E-01
3 37 62 61615 2033 0.3300E-01
3 37 63 61526 1680 0.2731E-01
3 37 64 61390 1496 0.2437E-01
3 37 65 61571 1270 0.2063E-01
3 37 66 61970 1215 0.1961E-01
3 37 67 61594 959 0.1557E-01
3 37 68 61640 847 0.1374E-01
3 37 69 61927 819 0.1323E-01
3 37 70 61793 708 0.1146E-01
3 37 71 61728 594 0.9623E-02
3 37 72 61886 552 0.8920E-02
3 37 73 61466 446 0.7256E-02
3 37 74 61716 438 0.7097E-02
3 38 38 63190 23118 0.3658
3 38 39 63557 22308 0.3510
3 38 40 62944 20571 0.3268
3 38 41 63010 19522 0.3098
3 38 42 63046 18485 0.2932
3 38 43 63566 17971 0.2827
3 38 44 63061 16541 0.2623
3 38 45 63499 15945 0.2511
3 38 46 63002 14561 0.2311
3 38 47 63405 13959 0.2202
3 38 48 63719 13267 0.2082
3 38 49 63266 11965 0.1891
3 38 50 63334 11131 0.1758
3 38 51 63436 10280 0.1621
3 38 52 63324 9379 0.1481
3 38 53 62803 8135 0.1295
3 38 54 63070 7560 0.1199
3 38 55 63183 6826 0.1080
3 38 56 63414 6208 0.9790E-01
3 38 57 63518 5567 0.8764E-01
3 38 58 62993 4558 0.7236E-01
3 38 59 63452 4267 0.6725E-01
3 38 60 63527 3782 0.5953E-01
3 38 61 63452 3202 0.5046E-01
3 38 62 63582 2808 0.4416E-01
3 38 63 62867 2116 0.3366E-01
3 38 64 63778 2078 0.3258E-01
3 38 65 63396 1800 0.2839E-01
3 38 66 63358 1440 0.2273E-01
3 38 67 63169 1236 0.1957E-01
3 38 68 63000 1009 0.1602E-01
3 38 69 63249 858 0.1357E-01
3 38 70 63611 918 0.1443E-01
3 38 71 63791 778 0.1220E-01
3 38 72 63297 662 0.1046E-01
3 38 73 63208 589 0.9318E-02
3 38 74 63320 522 0.8244E-02
3 38 75 63806 489 0.7664E-02
3 38 76 63421 499 0.7868E-02
3 39 39 65179 23952 0.3675
3 39 40 65439 23088 0.3528
3 39 41 64367 20873 0.3243
3 39 42 64708 20104 0.3107
3 39 43 64959 19272 0.2967
3 39 44 65236 18550 0.2844
3 39 45 65538 17816 0.2718
3 39 46 65210 16551 0.2538
3 39 47 64808 15187 0.2343
3 39 48 64922 14342 0.2209
3 39 49 64631 13122 0.2030
3 39 50 65186 12697 0.1948
3 39 51 65346 11855 0.1814
3 39 52 65161 10852 0.1665
3 39 53 64598 9536 0.1476
3 39 54 64676 8801 0.1361
3 39 55 64443 7779 0.1207
3 39 56 64878 7317 0.1128
3 39 57 64565 6325 0.9796E-01
3 39 58 65282 6052 0.9271E-01
3 39 59 65159 5325 0.8172E-01
3 39 60 64748 4422 0.6830E-01
3 39 61 65377 4247 0.6496E-01
3 39 62 65129 3583 0.5501E-01
3 39 63 65275 3120 0.4780E-01
3 39 64 64846 2472 0.3812E-01
3 39 65 65350 2340 0.3581E-01
3 39 66 64624 1723 0.2666E-01
3 39 67 64939 1603 0.2468E-01
3 39 68 65594 1542 0.2351E-01
3 39 69 65386 1256 0.1921E-01
3 39 70 64733 1061 0.1639E-01
3 39 71 65005 922 0.1418E-01
3 39 72 64993 785 0.1208E-01
3 39 73 65064 762 0.1171E-01
3 39 74 65313 686 0.1050E-01
3 39 75 64988 563 0.8663E-02
3 39 76 65167 520 0.7979E-02
3 39 77 64992 496 0.7632E-02
3 39 78 64918 461 0.7101E-02
3 40 40 67151 24794 0.3692
3 40 41 66607 23145 0.3475
3 40 42 66740 22121 0.3315
3 40 43 67214 21440 0.3190
3 40 44 66643 19818 0.2974
3 40 45 66559 18743 0.2816
3 40 46 66537 17756 0.2669
3 40 47 66983 17180 0.2565
3 40 48 66389 15649 0.2357
3 40 49 66487 14779 0.2223
3 40 50 66725 14071 0.2109
3 40 51 66643 13030 0.1955
3 40 52 66726 12162 0.1823
3 40 53 66232 10860 0.1640
3 40 54 66587 10280 0.1544
3 40 55 67078 9789 0.1459
3 40 56 66687 8665 0.1299
3 40 57 66893 8057 0.1204
3 40 58 66251 6733 0.1016
3 40 59 66691 6332 0.9495E-01
3 40 60 66389 5427 0.8175E-01
3 40 61 66683 4999 0.7497E-01
3 40 62 66675 4292 0.6437E-01
3 40 63 67199 4077 0.6067E-01
3 40 64 66644 3279 0.4920E-01
3 40 65 66404 2645 0.3983E-01
3 40 66 66527 2341 0.3519E-01
3 40 67 66478 1962 0.2951E-01
3 40 68 66861 1801 0.2694E-01
3 40 69 66523 1468 0.2207E-01
3 40 70 65991 1219 0.1847E-01
3 40 71 66519 1057 0.1589E-01
3 40 72 67121 1046 0.1558E-01
3 40 73 66465 850 0.1279E-01
3 40 74 66387 776 0.1169E-01
3 40 75 66566 652 0.9795E-02
3 40 76 66621 659 0.9892E-02
3 40 77 66732 608 0.9111E-02
3 40 78 66989 579 0.8643E-02
3 40 79 66615 434 0.6515E-02
3 40 80 66742 396 0.5933E-02
