1 1 570 417 0.7316
1 2 573 142 0.2478
2 2 1147 572 0.4987
2 3 1175 285 0.2426
2 4 1091 112 0.1027
3 3 1640 624 0.3805
3 4 1657 365 0.2203
3 5 1622 167 0.1030
3 6 1713 108 0.6305E-01
4 4 2235 795 0.3557
4 5 2134 364 0.1706
4 6 2162 240 0.1110
4 7 2154 108 0.5014E-01
4 8 2248 67 0.2980E-01
5 5 2723 773 0.2839
5 6 2690 494 0.1836
5 7 2765 319 0.1154
5 8 2680 170 0.6343E-01
5 9 2846 114 0.4006E-01
5 10 2771 68 0.2454E-01
6 6 3285 910 0.2770
6 7 3306 606 0.1833
6 8 3298 416 0.1261
6 9 3280 239 0.7287E-01
6 10 3342 155 0.4638E-01
6 11 3293 76 0.2308E-01
6 12 3287 37 0.1126E-01
7 7 3924 1029 0.2622
7 8 3824 667 0.1744
7 9 3675 355 0.9660E-01
7 10 3900 317 0.8128E-01
7 11 3689 150 0.4066E-01
7 12 3855 113 0.2931E-01
7 13 3850 41 0.1065E-01
7 14 3779 22 0.5822E-02
8 8 4416 1055 0.2389
8 9 4420 772 0.1747
8 10 4497 563 0.1252
8 11 4418 333 0.7537E-01
8 12 4454 243 0.5456E-01
8 13 4456 122 0.2738E-01
8 14 4389 56 0.1276E-01
8 15 4487 47 0.1047E-01
8 16 4400 15 0.3409E-02
9 9 5024 1137 0.2263
9 10 5037 905 0.1797
9 11 5072 630 0.1242
9 12 4978 421 0.8457E-01
9 13 4896 218 0.4453E-01
9 14 4907 163 0.3322E-01
9 15 4832 101 0.2090E-01
9 16 5021 51 0.1016E-01
9 17 4706 22 0.4675E-02
9 18 4960 14 0.2823E-02
10 10 5412 1105 0.2042
10 11 5458 869 0.1592
10 12 5596 684 0.1222
10 13 5475 418 0.7635E-01
10 14 5504 298 0.5414E-01
10 15 5453 182 0.3338E-01
10 16 5424 115 0.2120E-01
10 17 5431 58 0.1068E-01
10 18 5459 21 0.3847E-02
10 19 5420 20 0.3690E-02
10 20 5517 3 0.5438E-03
11 11 5975 1174 0.1965
11 12 6017 894 0.1486
11 13 6018 670 0.1113
11 14 6070 453 0.7463E-01
11 15 6185 414 0.6694E-01
11 16 6127 279 0.4554E-01
11 17 5972 138 0.2311E-01
11 18 6101 99 0.1623E-01
11 19 5991 41 0.6844E-02
11 20 5978 27 0.4517E-02
11 21 6087 21 0.3450E-02
11 22 6011 1 0.1664E-03
12 12 6725 1373 0.2042
12 13 6578 1002 0.1523
12 14 6597 743 0.1126
12 15 6594 547 0.8295E-01
12 16 6486 334 0.5150E-01
12 17 6643 267 0.4019E-01
12 18 6712 218 0.3248E-01
12 19 6622 121 0.1827E-01
12 20 6675 61 0.9139E-02
12 21 6809 48 0.7049E-02
12 22 6625 30 0.4528E-02
12 23 6644 5 0.7526E-03
12 24 6675 3 0.4494E-03
13 13 7148 1346 0.1883
13 14 7241 1108 0.1530
13 15 7212 833 0.1155
13 16 6991 500 0.7152E-01
13 17 7016 356 0.5074E-01
13 18 7199 279 0.3876E-01
13 19 7207 209 0.2900E-01
13 20 7176 129 0.1798E-01
13 21 7243 96 0.1325E-01
13 22 7238 41 0.5665E-02
13 23 7212 22 0.3050E-02
13 24 7303 14 0.1917E-02
13 25 7271 4 0.5501E-03
13 26 7194 1 0.1390E-03
14 14 7840 1494 0.1906
14 15 7798 1111 0.1425
14 16 7813 913 0.1169
14 17 7836 687 0.8767E-01
14 18 7857 556 0.7076E-01
14 19 7767 293 0.3772E-01
14 20 7787 204 0.2620E-01
14 21 7877 170 0.2158E-01
14 22 7889 81 0.1027E-01
14 23 7837 72 0.9187E-02
14 24 7966 55 0.6904E-02
14 25 7915 19 0.2401E-02
14 26 7935 7 0.8822E-03
14 27 7772 9 0.1158E-02
14 28 7683 0 0.0000E+00
15 15 8232 1448 0.1759
15 16 8212 1161 0.1414
15 17 8156 863 0.1058
15 18 8369 731 0.8735E-01
15 19 8329 547 0.6567E-01
15 20 8062 278 0.3448E-01
15 21 8153 259 0.3177E-01
15 22 8211 199 0.2424E-01
15 23 8391 123 0.1466E-01
15 24 8234 51 0.6194E-02
15 25 8165 36 0.4409E-02
15 26 8198 23 0.2806E-02
15 27 8365 12 0.1435E-02
15 28 8321 8 0.9614E-03
15 29 8282 2 0.2415E-03
15 30 8228 0 0.0000E+00
16 16 8906 1589 0.1784
16 17 8849 1241 0.1402
16 18 8827 1002 0.1135
16 19 8828 728 0.8246E-01
16 20 9073 631 0.6955E-01
16 21 9016 488 0.5413E-01
16 22 8923 276 0.3093E-01
16 23 8975 199 0.2217E-01
16 24 9003 151 0.1677E-01
16 25 9024 93 0.1031E-01
16 26 9012 57 0.6325E-02
16 27 9023 50 0.5541E-02
16 28 8869 16 0.1804E-02
16 29 8974 10 0.1114E-02
16 30 8895 8 0.8994E-03
16 31 8957 4 0.4466E-03
16 32 8893 0 0.0000E+00
17 17 9453 1659 0.1755
17 18 9366 1256 0.1341
17 19 9245 887 0.9594E-01
17 20 9218 661 0.7171E-01
17 21 9482 624 0.6581E-01
17 22 9437 433 0.4588E-01
17 23 9322 273 0.2929E-01
17 24 9299 206 0.2215E-01
17 25 9388 110 0.1172E-01
17 26 9342 73 0.7814E-02
17 27 9372 47 0.5015E-02
17 28 9389 32 0.3408E-02
17 29 9412 19 0.2019E-02
17 30 9509 13 0.1367E-02
17 31 9464 4 0.4227E-03
17 32 9322 3 0.3218E-03
17 33 9320 0 0.0000E+00
17 34 9385 3 0.3197E-03
18 18 9838 1540 0.1565
18 19 9882 1268 0.1283
18 20 9894 1020 0.1031
18 21 10037 855 0.8518E-01
18 22 10009 668 0.6674E-01
18 23 10150 555 0.5468E-01
18 24 10239 420 0.4102E-01
18 25 10303 355 0.3446E-01
18 26 10152 200 0.1970E-01
18 27 10082 132 0.1309E-01
18 28 10051 71 0.7064E-02
18 29 10040 65 0.6474E-02
18 30 9975 25 0.2506E-02
18 31 9921 12 0.1210E-02
18 32 10012 7 0.6992E-03
18 33 9952 3 0.3014E-03
18 34 10042 5 0.4979E-03
18 35 10078 8 0.7938E-03
18 36 10027 3 0.2992E-03
19 19 10501 1697 0.1616
19 20 10416 1294 0.1242
19 21 10389 1067 0.1027
19 22 10348 792 0.7654E-01
19 23 10340 614 0.5938E-01
19 24 10487 516 0.4920E-01
19 25 10366 350 0.3376E-01
19 26 10452 237 0.2268E-01
19 27 10510 180 0.1713E-01
19 28 10674 113 0.1059E-01
19 29 10523 93 0.8838E-02
19 30 10579 56 0.5294E-02
19 31 10489 30 0.2860E-02
19 32 10584 16 0.1512E-02
19 33 10584 18 0.1701E-02
19 34 10669 1 0.9373E-04
19 35 10672 4 0.3748E-03
19 36 10634 1 0.9404E-04
19 37 10464 0 0.0000E+00
19 38 10518 0 0.0000E+00
20 20 10999 1723 0.1567
20 21 10955 1332 0.1216
20 22 11030 1149 0.1042
20 23 11023 894 0.8110E-01
20 24 10967 654 0.5963E-01
20 25 11106 519 0.4673E-01
20 26 11128 426 0.3828E-01
20 27 11113 281 0.2529E-01
20 28 11202 205 0.1830E-01
20 29 11200 140 0.1250E-01
20 30 11073 88 0.7947E-02
20 31 11198 51 0.4554E-02
20 32 11068 34 0.3072E-02
20 33 11114 25 0.2249E-02
20 34 11114 13 0.1170E-02
20 35 11241 7 0.6227E-03
20 36 11193 14 0.1251E-02
20 37 11204 1 0.8925E-04
20 38 11200 0 0.0000E+00
20 39 11146 0 0.0000E+00
20 40 11113 0 0.0000E+00
21 21 11715 1860 0.1588
21 22 11731 1627 0.1387
21 23 11712 1268 0.1083
21 24 11720 938 0.8003E-01
21 25 11689 733 0.6271E-01
21 26 11779 582 0.4941E-01
21 27 11939 507 0.4247E-01
21 28 11770 347 0.2948E-01
21 29 11679 226 0.1935E-01
21 30 11665 175 0.1500E-01
21 31 11732 112 0.9547E-02
21 32 11672 79 0.6768E-02
21 33 11594 24 0.2070E-02
21 34 11608 19 0.1637E-02
21 35 11602 10 0.8619E-03
21 36 11665 15 0.1286E-02
21 37 11777 6 0.5095E-03
21 38 11744 7 0.5960E-03
21 39 11818 6 0.5077E-03
21 40 11644 0 0.0000E+00
21 41 11669 2 0.1714E-03
21 42 11603 0 0.0000E+00
22 22 12325 1902 0.1543
22 23 12276 1600 0.1303
22 24 12273 1341 0.1093
22 25 12354 1071 0.8669E-01
22 26 12268 860 0.7010E-01
22 27 12204 597 0.4892E-01
22 28 12296 438 0.3562E-01
22 29 12238 406 0.3318E-01
22 30 12310 255 0.2071E-01
22 31 12298 201 0.1634E-01
22 32 12323 143 0.1160E-01
22 33 12203 68 0.5572E-02
22 34 12239 61 0.4984E-02
22 35 12218 22 0.1801E-02
22 36 12154 28 0.2304E-02
22 37 12188 4 0.3282E-03
22 38 12231 4 0.3270E-03
22 39 12413 2 0.1611E-03
22 40 12204 1 0.8194E-04
22 41 12200 0 0.0000E+00
22 42 12486 0 0.0000E+00
22 43 12435 1 0.8042E-04
22 44 12422 0 0.0000E+00
23 23 12842 1974 0.1537
23 24 12796 1630 0.1274
23 25 12821 1341 0.1046
23 26 12920 1076 0.8328E-01
23 27 12978 927 0.7143E-01
23 28 12994 756 0.5818E-01
23 29 12800 500 0.3906E-01
23 30 12811 422 0.3294E-01
23 31 12789 304 0.2377E-01
23 32 12700 172 0.1354E-01
23 33 12884 138 0.1071E-01
23 34 12751 95 0.7450E-02
23 35 12503 51 0.4079E-02
23 36 12852 38 0.2957E-02
23 37 12682 20 0.1577E-02
23 38 13019 4 0.3072E-03
23 39 12996 15 0.1154E-02
23 40 12919 0 0.0000E+00
23 41 12807 7 0.5466E-03
23 42 12750 0 0.0000E+00
23 43 12889 0 0.0000E+00
23 44 12816 0 0.0000E+00
23 45 12848 0 0.0000E+00
23 46 12891 0 0.0000E+00
24 24 13363 1969 0.1473
24 25 13474 1772 0.1315
24 26 13445 1404 0.1044
24 27 13201 1083 0.8204E-01
24 28 13345 866 0.6489E-01
24 29 13243 656 0.4954E-01
24 30 13015 418 0.3212E-01
24 31 13456 451 0.3352E-01
24 32 13555 311 0.2294E-01
24 33 13508 224 0.1658E-01
24 34 13589 151 0.1111E-01
24 35 13313 102 0.7662E-02
24 36 13437 74 0.5507E-02
24 37 13267 39 0.2940E-02
24 38 13262 33 0.2488E-02
24 39 13247 20 0.1510E-02
24 40 13052 1 0.7662E-04
24 41 13030 0 0.0000E+00
24 42 12933 0 0.0000E+00
24 43 13228 0 0.0000E+00
24 44 13246 0 0.0000E+00
24 45 13146 0 0.0000E+00
24 46 13258 0 0.0000E+00
24 47 13055 0 0.0000E+00
24 48 13466 0 0.0000E+00
25 25 13988 2037 0.1456
25 26 13796 1657 0.1201
25 27 13855 1382 0.9975E-01
25 28 14060 1250 0.8890E-01
25 29 13962 1014 0.7263E-01
25 30 13971 764 0.5468E-01
25 31 13877 520 0.3747E-01
25 32 13791 380 0.2755E-01
25 33 13965 388 0.2778E-01
25 34 13923 236 0.1695E-01
25 35 13908 143 0.1028E-01
25 36 13900 114 0.8201E-02
25 37 13879 82 0.5908E-02
25 38 13921 42 0.3017E-02
25 39 13819 39 0.2822E-02
25 40 13677 6 0.4387E-03
25 41 14020 7 0.4993E-03
25 42 13786 9 0.6528E-03
25 43 13671 0 0.0000E+00
25 44 13796 0 0.0000E+00
25 45 14092 0 0.0000E+00
25 46 13728 0 0.0000E+00
25 47 13833 0 0.0000E+00
25 48 14115 0 0.0000E+00
25 49 14064 0 0.0000E+00
25 50 14044 0 0.0000E+00
26 26 14528 2064 0.1421
26 27 14555 1799 0.1236
26 28 14479 1462 0.1010
26 29 14352 1105 0.7699E-01
26 30 14361 913 0.6357E-01
26 31 14256 686 0.4812E-01
26 32 14307 498 0.3481E-01
26 33 14483 485 0.3349E-01
26 34 14517 370 0.2549E-01
26 35 14294 234 0.1637E-01
26 36 14431 186 0.1289E-01
26 37 14499 134 0.9242E-02
26 38 14262 66 0.4628E-02
26 39 14597 94 0.6440E-02
26 40 14542 35 0.2407E-02
26 41 14588 19 0.1302E-02
26 42 14481 23 0.1588E-02
26 43 14581 6 0.4115E-03
26 44 14633 7 0.4784E-03
26 45 14561 4 0.2747E-03
26 46 14656 11 0.7505E-03
26 47 14542 9 0.6189E-03
26 48 14380 0 0.0000E+00
26 49 14452 0 0.0000E+00
26 50 14421 0 0.0000E+00
26 51 14369 0 0.0000E+00
26 52 14474 0 0.0000E+00
27 27 14952 2107 0.1409
27 28 14935 1685 0.1128
27 29 15024 1492 0.9931E-01
27 30 15151 1328 0.8765E-01
27 31 15232 1056 0.6933E-01
27 32 15126 872 0.5765E-01
27 33 15032 640 0.4258E-01
27 34 14996 503 0.3354E-01
27 35 14883 356 0.2392E-01
27 36 14974 222 0.1483E-01
27 37 15060 201 0.1335E-01
27 38 15134 161 0.1064E-01
27 39 14956 84 0.5616E-02
27 40 15069 76 0.5043E-02
27 41 15278 41 0.2684E-02
27 42 15267 33 0.2162E-02
27 43 15008 10 0.6663E-03
27 44 14857 9 0.6058E-03
27 45 14586 8 0.5485E-03
27 46 14883 9 0.6047E-03
27 47 14842 1 0.6738E-04
27 48 15038 0 0.0000E+00
27 49 14980 0 0.0000E+00
27 50 14717 0 0.0000E+00
27 51 14902 0 0.0000E+00
27 52 15059 0 0.0000E+00
27 53 15054 0 0.0000E+00
27 54 15114 0 0.0000E+00
28 28 15610 2113 0.1354
28 29 15485 1735 0.1120
28 30 15721 1646 0.1047
28 31 15712 1394 0.8872E-01
28 32 15697 1023 0.6517E-01
28 33 15874 982 0.6186E-01
28 34 15765 704 0.4466E-01
28 35 15679 550 0.3508E-01
28 36 15606 402 0.2576E-01
28 37 15478 264 0.1706E-01
28 38 15547 199 0.1280E-01
28 39 15489 102 0.6585E-02
28 40 15719 97 0.6171E-02
28 41 15231 73 0.4793E-02
28 42 15424 46 0.2982E-02
28 43 15502 47 0.3032E-02
28 44 15473 10 0.6463E-03
28 45 15674 15 0.9570E-03
28 46 15741 9 0.5718E-03
28 47 15662 0 0.0000E+00
28 48 15839 0 0.0000E+00
28 49 15704 1 0.6368E-04
28 50 15531 0 0.0000E+00
28 51 15669 0 0.0000E+00
28 52 15638 0 0.0000E+00
28 53 15728 0 0.0000E+00
28 54 15598 0 0.0000E+00
28 55 15442 0 0.0000E+00
28 56 15656 0 0.0000E+00
29 29 16115 2150 0.1334
29 30 16359 1991 0.1217
29 31 16231 1621 0.9987E-01
29 32 15934 1260 0.7908E-01
29 33 15935 1013 0.6357E-01
29 34 16020 770 0.4806E-01
29 35 16214 726 0.4478E-01
29 36 16118 558 0.3462E-01
29 37 16172 401 0.2480E-01
29 38 16172 314 0.1942E-01
29 39 16364 188 0.1149E-01
29 40 16219 159 0.9803E-02
29 41 16007 114 0.7122E-02
29 42 16119 46 0.2854E-02
29 43 16192 58 0.3582E-02
29 44 16199 36 0.2222E-02
29 45 16154 21 0.1300E-02
29 46 16325 32 0.1960E-02
29 47 16241 16 0.9852E-03
29 48 16105 12 0.7451E-03
29 49 16210 0 0.0000E+00
29 50 16241 2 0.1231E-03
29 51 16186 3 0.1853E-03
29 52 16058 0 0.0000E+00
29 53 16033 0 0.0000E+00
29 54 15986 0 0.0000E+00
29 55 16086 0 0.0000E+00
29 56 16008 0 0.0000E+00
29 57 16156 0 0.0000E+00
29 58 16122 0 0.0000E+00
30 30 16560 2147 0.1296
30 31 16520 1814 0.1098
30 32 16449 1465 0.8906E-01
30 33 16531 1257 0.7604E-01
30 34 16503 1048 0.6350E-01
30 35 16666 909 0.5454E-01
30 36 16763 719 0.4289E-01
30 37 16764 630 0.3758E-01
30 38 16744 419 0.2502E-01
30 39 16727 264 0.1578E-01
30 40 16614 220 0.1324E-01
30 41 16470 153 0.9290E-02
30 42 16692 120 0.7189E-02
30 43 16567 58 0.3501E-02
30 44 16704 68 0.4071E-02
30 45 16840 63 0.3741E-02
30 46 16684 26 0.1558E-02
30 47 16692 9 0.5392E-03
30 48 16620 10 0.6017E-03
30 49 16464 11 0.6681E-03
30 50 16601 1 0.6024E-04
30 51 16706 0 0.0000E+00
30 52 16803 0 0.0000E+00
30 53 16793 0 0.0000E+00
30 54 16753 0 0.0000E+00
30 55 16715 0 0.0000E+00
30 56 16959 0 0.0000E+00
30 57 16628 0 0.0000E+00
30 58 16486 0 0.0000E+00
30 59 16716 0 0.0000E+00
30 60 16572 0 0.0000E+00
31 31 17293 2310 0.1336
31 32 17390 2068 0.1189
31 33 17173 1605 0.9346E-01
31 34 17235 1454 0.8436E-01
31 35 17052 1130 0.6627E-01
31 36 16986 841 0.4951E-01
31 37 16988 625 0.3679E-01
31 38 17222 558 0.3240E-01
31 39 17365 468 0.2695E-01
31 40 17487 393 0.2247E-01
31 41 17290 279 0.1614E-01
31 42 17267 182 0.1054E-01
31 43 17413 156 0.8959E-02
31 44 17331 102 0.5885E-02
31 45 17299 62 0.3584E-02
31 46 17105 30 0.1754E-02
31 47 17197 40 0.2326E-02
31 48 17264 16 0.9268E-03
31 49 17519 61 0.3482E-02
31 50 17259 1 0.5794E-04
31 51 17108 5 0.2923E-03
31 52 17330 1 0.5770E-04
31 53 17164 1 0.5826E-04
31 54 16877 0 0.0000E+00
31 55 16814 0 0.0000E+00
31 56 17113 0 0.0000E+00
31 57 16998 1 0.5883E-04
31 58 16817 0 0.0000E+00
31 59 17162 0 0.0000E+00
31 60 17322 0 0.0000E+00
31 61 17130 0 0.0000E+00
31 62 17244 0 0.0000E+00
32 32 17815 2265 0.1271
32 33 17599 1889 0.1073
32 34 17844 1738 0.9740E-01
32 35 17671 1316 0.7447E-01
32 36 17617 1102 0.6255E-01
32 37 17846 912 0.5110E-01
32 38 17580 703 0.3999E-01
32 39 17751 629 0.3543E-01
32 40 17907 516 0.2882E-01
32 41 17868 315 0.1763E-01
32 42 17926 266 0.1484E-01
32 43 17910 212 0.1184E-01
32 44 17756 136 0.7659E-02
32 45 17799 80 0.4495E-02
32 46 17709 80 0.4517E-02
32 47 17900 60 0.3352E-02
32 48 17922 43 0.2399E-02
32 49 17804 16 0.8987E-03
32 50 17689 13 0.7349E-03
32 51 17821 15 0.8417E-03
32 52 17939 3 0.1672E-03
32 53 17734 8 0.4511E-03
32 54 17726 0 0.0000E+00
32 55 17582 0 0.0000E+00
32 56 17738 0 0.0000E+00
32 57 17752 1 0.5633E-04
32 58 17785 0 0.0000E+00
32 59 17992 0 0.0000E+00
32 60 17925 0 0.0000E+00
32 61 17907 0 0.0000E+00
32 62 17682 0 0.0000E+00
32 63 17739 0 0.0000E+00
32 64 17697 0 0.0000E+00
33 33 18434 2360 0.1280
33 34 18425 2047 0.1111
33 35 18499 1827 0.9876E-01
33 36 18438 1508 0.8179E-01
33 37 18542 1396 0.7529E-01
33 38 18334 992 0.5411E-01
33 39 18384 852 0.4634E-01
33 40 18489 700 0.3786E-01
33 41 18332 526 0.2869E-01
33 42 18312 368 0.2010E-01
33 43 18269 276 0.1511E-01
33 44 18288 181 0.9897E-02
33 45 18578 159 0.8559E-02
33 46 18502 130 0.7026E-02
33 47 18352 100 0.5449E-02
33 48 18230 62 0.3401E-02
33 49 18404 26 0.1413E-02
33 50 18297 42 0.2295E-02
33 51 18327 21 0.1146E-02
33 52 18421 14 0.7600E-03
33 53 18419 4 0.2172E-03
33 54 18205 1 0.5493E-04
33 55 18191 3 0.1649E-03
33 56 18061 0 0.0000E+00
33 57 17891 0 0.0000E+00
33 58 18127 2 0.1103E-03
33 59 18274 0 0.0000E+00
33 60 18328 0 0.0000E+00
33 61 18275 0 0.0000E+00
33 62 18326 0 0.0000E+00
33 63 18361 0 0.0000E+00
33 64 18368 0 0.0000E+00
33 65 18573 0 0.0000E+00
33 66 18471 0 0.0000E+00
34 34 19024 2538 0.1334
34 35 19000 2156 0.1135
34 36 19121 1903 0.9952E-01
34 37 18911 1556 0.8228E-01
34 38 18927 1252 0.6615E-01
34 39 19051 1068 0.5606E-01
34 40 18672 740 0.3963E-01
34 41 18916 677 0.3579E-01
34 42 19015 582 0.3061E-01
34 43 18868 384 0.2035E-01
34 44 18664 211 0.1131E-01
34 45 18780 225 0.1198E-01
34 46 18861 163 0.8642E-02
34 47 18784 119 0.6335E-02
34 48 19075 111 0.5819E-02
34 49 18719 60 0.3205E-02
34 50 18893 58 0.3070E-02
34 51 19155 35 0.1827E-02
34 52 19254 28 0.1454E-02
34 53 18850 8 0.4244E-03
34 54 18742 1 0.5336E-04
34 55 18685 1 0.5352E-04
34 56 19060 7 0.3673E-03
34 57 19018 2 0.1052E-03
34 58 19121 0 0.0000E+00
34 59 19130 0 0.0000E+00
34 60 18955 0 0.0000E+00
34 61 18731 0 0.0000E+00
34 62 18917 0 0.0000E+00
34 63 19213 0 0.0000E+00
34 64 18950 0 0.0000E+00
34 65 18937 0 0.0000E+00
34 66 18893 0 0.0000E+00
34 67 18900 0 0.0000E+00
34 68 19055 0 0.0000E+00
35 35 19556 2450 0.1253
35 36 19425 2015 0.1037
35 37 19469 1812 0.9307E-01
35 38 19494 1574 0.8074E-01
35 39 19467 1272 0.6534E-01
35 40 19632 1157 0.5893E-01
35 41 19517 921 0.4719E-01
35 42 19420 683 0.3517E-01
35 43 19416 533 0.2745E-01
35 44 19519 394 0.2019E-01
35 45 19264 291 0.1511E-01
35 46 19284 206 0.1068E-01
35 47 19657 243 0.1236E-01
35 48 19560 149 0.7618E-02
35 49 19362 97 0.5010E-02
35 50 19105 40 0.2094E-02
35 51 19183 29 0.1512E-02
35 52 19578 28 0.1430E-02
35 53 19467 33 0.1695E-02
35 54 19461 10 0.5138E-03
35 55 19492 11 0.5643E-03
35 56 19543 5 0.2558E-03
35 57 19544 0 0.0000E+00
35 58 19814 0 0.0000E+00
35 59 19482 0 0.0000E+00
35 60 19518 0 0.0000E+00
35 61 19461 0 0.0000E+00
35 62 19592 2 0.1021E-03
35 63 19542 0 0.0000E+00
35 64 19387 0 0.0000E+00
35 65 19227 0 0.0000E+00
35 66 19478 0 0.0000E+00
35 67 19668 0 0.0000E+00
35 68 19651 0 0.0000E+00
35 69 19500 0 0.0000E+00
35 70 19397 0 0.0000E+00
36 36 20162 2564 0.1272
36 37 20017 2217 0.1108
36 38 20056 1953 0.9738E-01
36 39 19845 1439 0.7251E-01
36 40 19861 1154 0.5810E-01
36 41 19923 1021 0.5125E-01
36 42 20055 891 0.4443E-01
36 43 19792 632 0.3193E-01
36 44 19882 537 0.2701E-01
36 45 19915 411 0.2064E-01
36 46 19916 320 0.1607E-01
36 47 19934 202 0.1013E-01
36 48 20031 198 0.9885E-02
36 49 20060 137 0.6830E-02
36 50 20074 151 0.7522E-02
36 51 20117 93 0.4623E-02
36 52 20238 53 0.2619E-02
36 53 20335 20 0.9835E-03
36 54 20198 23 0.1139E-02
36 55 19981 7 0.3503E-03
36 56 19863 8 0.4028E-03
36 57 20167 7 0.3471E-03
36 58 20085 9 0.4481E-03
36 59 20239 8 0.3953E-03
36 60 19861 2 0.1007E-03
36 61 20102 0 0.0000E+00
36 62 20084 0 0.0000E+00
36 63 20200 0 0.0000E+00
36 64 20141 0 0.0000E+00
36 65 19951 0 0.0000E+00
36 66 19723 0 0.0000E+00
36 67 19804 0 0.0000E+00
36 68 20296 0 0.0000E+00
36 69 20261 0 0.0000E+00
36 70 20378 0 0.0000E+00
36 71 20250 0 0.0000E+00
36 72 19988 0 0.0000E+00
37 37 20657 2549 0.1234
37 38 20674 2224 0.1076
37 39 20745 1907 0.9193E-01
37 40 20642 1620 0.7848E-01
37 41 20567 1375 0.6685E-01
37 42 20412 1067 0.5227E-01
37 43 20660 979 0.4739E-01
37 44 20707 780 0.3767E-01
37 45 20429 480 0.2350E-01
37 46 20589 424 0.2059E-01
37 47 20627 357 0.1731E-01
37 48 20520 238 0.1160E-01
37 49 20700 235 0.1135E-01
37 50 20639 150 0.7268E-02
37 51 20712 115 0.5552E-02
37 52 20568 41 0.1993E-02
37 53 20557 36 0.1751E-02
37 54 20551 52 0.2530E-02
37 55 20641 25 0.1211E-02
37 56 20565 15 0.7294E-03
37 57 20597 6 0.2913E-03
37 58 20503 4 0.1951E-03
37 59 20807 6 0.2884E-03
37 60 20659 2 0.9681E-04
37 61 20491 1 0.4880E-04
37 62 20434 2 0.9788E-04
37 63 20433 0 0.0000E+00
37 64 20553 0 0.0000E+00
37 65 20674 0 0.0000E+00
37 66 20411 0 0.0000E+00
37 67 20861 0 0.0000E+00
37 68 20544 0 0.0000E+00
37 69 20519 0 0.0000E+00
37 70 20655 0 0.0000E+00
37 71 20469 0 0.0000E+00
37 72 20201 0 0.0000E+00
37 73 20385 0 0.0000E+00
37 74 20237 0 0.0000E+00
38 38 20986 2350 0.1120
38 39 21010 2135 0.1016
38 40 20890 1805 0.8640E-01
38 41 20944 1550 0.7401E-01
38 42 21266 1439 0.6767E-01
38 43 21350 1267 0.5934E-01
38 44 21171 955 0.4511E-01
38 45 21401 837 0.3911E-01
38 46 21294 678 0.3184E-01
38 47 21034 401 0.1906E-01
38 48 21092 381 0.1806E-01
38 49 21305 317 0.1488E-01
38 50 21389 245 0.1145E-01
38 51 21257 162 0.7621E-02
38 52 21291 167 0.7844E-02
38 53 21117 82 0.3883E-02
38 54 21176 44 0.2078E-02
38 55 21224 62 0.2921E-02
38 56 20985 30 0.1430E-02
38 57 21130 16 0.7572E-03
38 58 21074 8 0.3796E-03
38 59 20955 7 0.3340E-03
38 60 21059 0 0.0000E+00
38 61 21281 4 0.1880E-03
38 62 21484 0 0.0000E+00
38 63 21469 11 0.5124E-03
38 64 21450 0 0.0000E+00
38 65 21225 0 0.0000E+00
38 66 20964 0 0.0000E+00
38 67 20648 0 0.0000E+00
38 68 21025 0 0.0000E+00
38 69 21097 0 0.0000E+00
38 70 21221 0 0.0000E+00
38 71 21368 0 0.0000E+00
38 72 21044 0 0.0000E+00
38 73 21152 0 0.0000E+00
38 74 21125 0 0.0000E+00
38 75 20999 0 0.0000E+00
38 76 20928 0 0.0000E+00
39 39 21490 2372 0.1104
39 40 21555 2134 0.9900E-01
39 41 21675 1966 0.9070E-01
39 42 22082 1830 0.8287E-01
39 43 21938 1521 0.6933E-01
39 44 21774 1246 0.5722E-01
39 45 21701 1001 0.4613E-01
39 46 21496 772 0.3591E-01
39 47 21533 597 0.2772E-01
39 48 21962 639 0.2910E-01
39 49 21773 462 0.2122E-01
39 50 21948 371 0.1690E-01
39 51 21617 221 0.1022E-01
39 52 21603 135 0.6249E-02
39 53 21519 131 0.6088E-02
39 54 21516 68 0.3160E-02
39 55 21444 67 0.3124E-02
39 56 21658 42 0.1939E-02
39 57 21743 18 0.8279E-03
39 58 21388 10 0.4676E-03
39 59 21526 8 0.3716E-03
39 60 21826 7 0.3207E-03
39 61 21804 15 0.6879E-03
39 62 21641 1 0.4621E-04
39 63 21442 0 0.0000E+00
39 64 21447 0 0.0000E+00
39 65 21437 0 0.0000E+00
39 66 21438 0 0.0000E+00
39 67 21570 0 0.0000E+00
39 68 21655 0 0.0000E+00
39 69 21759 0 0.0000E+00
39 70 21801 0 0.0000E+00
39 71 21738 0 0.0000E+00
39 72 21861 0 0.0000E+00
39 73 21994 0 0.0000E+00
39 74 21872 0 0.0000E+00
39 75 21877 0 0.0000E+00
39 76 21965 0 0.0000E+00
39 77 21881 0 0.0000E+00
39 78 21671 0 0.0000E+00
40 40 22244 2552 0.1147
40 41 22455 2414 0.1075
40 42 22291 1993 0.8941E-01
40 43 22343 1836 0.8217E-01
40 44 21911 1318 0.6015E-01
40 45 22291 1223 0.5487E-01
40 46 22039 885 0.4016E-01
40 47 22165 904 0.4079E-01
40 48 22178 694 0.3129E-01
40 49 22253 602 0.2705E-01
40 50 21954 324 0.1476E-01
40 51 22273 354 0.1589E-01
40 52 22040 231 0.1048E-01
40 53 22143 174 0.7858E-02
40 54 21870 111 0.5075E-02
40 55 22180 68 0.3066E-02
40 56 22507 76 0.3377E-02
40 57 22399 35 0.1563E-02
40 58 22034 7 0.3177E-03
40 59 22339 25 0.1119E-02
40 60 22379 12 0.5362E-03
40 61 22190 11 0.4957E-03
40 62 22238 3 0.1349E-03
40 63 22163 4 0.1805E-03
40 64 22271 1 0.4490E-04
40 65 22228 0 0.0000E+00
40 66 21919 0 0.0000E+00
40 67 22264 0 0.0000E+00
40 68 22346 0 0.0000E+00
40 69 22146 0 0.0000E+00
40 70 22479 0 0.0000E+00
40 71 22402 0 0.0000E+00
40 72 22093 0 0.0000E+00
40 73 21884 0 0.0000E+00
40 74 22180 0 0.0000E+00
40 75 22169 0 0.0000E+00
40 76 22457 0 0.0000E+00
40 77 22221 0 0.0000E+00
40 78 22437 0 0.0000E+00
40 79 22092 0 0.0000E+00
40 80 21696 0 0.0000E+00
41 41 22518 2478 0.1100
41 42 22860 2299 0.1006
41 43 23073 2135 0.9253E-01
41 44 22915 1752 0.7646E-01
41 45 23032 1506 0.6539E-01
41 46 22966 1335 0.5813E-01
41 47 23103 1212 0.5246E-01
41 48 23160 988 0.4266E-01
41 49 22814 646 0.2832E-01
41 50 23073 622 0.2696E-01
41 51 23038 484 0.2101E-01
41 52 22688 332 0.1463E-01
41 53 22626 193 0.8530E-02
41 54 22692 208 0.9166E-02
41 55 22452 111 0.4944E-02
41 56 22908 135 0.5893E-02
41 57 22856 96 0.4200E-02
41 58 22752 33 0.1450E-02
41 59 22896 22 0.9609E-03
41 60 22891 27 0.1180E-02
41 61 22959 20 0.8711E-03
41 62 23021 17 0.7385E-03
41 63 22747 13 0.5715E-03
41 64 22916 3 0.1309E-03
41 65 22815 0 0.0000E+00
41 66 22706 0 0.0000E+00
41 67 22569 0 0.0000E+00
41 68 22777 1 0.4390E-04
41 69 22700 0 0.0000E+00
41 70 22935 0 0.0000E+00
41 71 22794 0 0.0000E+00
41 72 22858 0 0.0000E+00
41 73 22887 0 0.0000E+00
41 74 23165 0 0.0000E+00
41 75 22917 0 0.0000E+00
41 76 22693 0 0.0000E+00
41 77 22984 0 0.0000E+00
41 78 23205 0 0.0000E+00
41 79 23202 0 0.0000E+00
41 80 22977 0 0.0000E+00
41 81 23057 0 0.0000E+00
41 82 22801 0 0.0000E+00
42 42 23303 2590 0.1111
42 43 23194 2222 0.9580E-01
42 44 23162 1970 0.8505E-01
42 45 23430 1860 0.7939E-01
42 46 23446 1607 0.6854E-01
42 47 23481 1228 0.5230E-01
42 48 23422 1033 0.4410E-01
42 49 23410 874 0.3733E-01
42 50 23068 554 0.2402E-01
42 51 23127 545 0.2357E-01
42 52 23552 473 0.2008E-01
42 53 23519 395 0.1679E-01
42 54 23285 239 0.1026E-01
42 55 22919 148 0.6458E-02
42 56 22980 107 0.4656E-02
42 57 23101 99 0.4286E-02
42 58 23097 66 0.2858E-02
42 59 23326 47 0.2015E-02
42 60 23681 64 0.2703E-02
42 61 23529 26 0.1105E-02
42 62 23482 8 0.3407E-03
42 63 23343 19 0.8139E-03
42 64 23121 6 0.2595E-03
42 65 23094 3 0.1299E-03
42 66 23378 2 0.8555E-04
42 67 23285 0 0.0000E+00
42 68 23336 7 0.3000E-03
42 69 23387 0 0.0000E+00
42 70 23427 0 0.0000E+00
42 71 23682 0 0.0000E+00
42 72 23599 0 0.0000E+00
42 73 23504 0 0.0000E+00
42 74 23537 0 0.0000E+00
42 75 23551 0 0.0000E+00
42 76 23560 0 0.0000E+00
42 77 23566 0 0.0000E+00
42 78 23456 0 0.0000E+00
42 79 23278 0 0.0000E+00
42 80 23040 0 0.0000E+00
42 81 22928 0 0.0000E+00
42 82 22883 0 0.0000E+00
42 83 22916 0 0.0000E+00
42 84 23337 0 0.0000E+00
43 43 23358 2393 0.1024
43 44 23912 2388 0.9987E-01
43 45 23897 2107 0.8817E-01
43 46 23830 1769 0.7423E-01
43 47 23897 1498 0.6269E-01
43 48 23983 1278 0.5329E-01
43 49 23827 1032 0.4331E-01
43 50 23939 959 0.4006E-01
43 51 23826 679 0.2850E-01
43 52 23894 672 0.2812E-01
43 53 24093 490 0.2034E-01
43 54 23911 368 0.1539E-01
43 55 23514 233 0.9909E-02
43 56 23728 233 0.9820E-02
43 57 23792 200 0.8406E-02
43 58 24186 169 0.6988E-02
43 59 24047 138 0.5739E-02
43 60 23875 42 0.1759E-02
43 61 23942 43 0.1796E-02
43 62 24056 39 0.1621E-02
43 63 23788 7 0.2943E-03
43 64 23964 13 0.5425E-03
43 65 23634 8 0.3385E-03
43 66 23231 4 0.1722E-03
43 67 23483 3 0.1278E-03
43 68 23339 2 0.8569E-04
43 69 23889 0 0.0000E+00
43 70 23752 1 0.4210E-04
43 71 23769 0 0.0000E+00
43 72 23997 1 0.4167E-04
43 73 24124 0 0.0000E+00
43 74 23670 0 0.0000E+00
43 75 23788 0 0.0000E+00
43 76 23593 0 0.0000E+00
43 77 23832 0 0.0000E+00
43 78 23985 0 0.0000E+00
43 79 23774 0 0.0000E+00
43 80 24072 0 0.0000E+00
43 81 24262 0 0.0000E+00
43 82 23925 0 0.0000E+00
43 83 24103 0 0.0000E+00
43 84 24302 0 0.0000E+00
43 85 23940 0 0.0000E+00
43 86 24031 0 0.0000E+00
44 44 24103 2475 0.1027
44 45 24307 2292 0.9429E-01
44 46 24156 1918 0.7940E-01
44 47 24322 1718 0.7064E-01
44 48 24444 1478 0.6046E-01
44 49 24834 1473 0.5931E-01
44 50 24647 1221 0.4954E-01
44 51 24564 987 0.4018E-01
44 52 24303 771 0.3172E-01
44 53 24219 609 0.2515E-01
44 54 24253 495 0.2041E-01
44 55 24375 401 0.1645E-01
44 56 24526 363 0.1480E-01
44 57 24186 151 0.6243E-02
44 58 24060 127 0.5278E-02
44 59 24394 141 0.5780E-02
44 60 24549 70 0.2851E-02
44 61 24710 72 0.2914E-02
44 62 24521 61 0.2488E-02
44 63 24510 57 0.2326E-02
44 64 24460 22 0.8994E-03
44 65 24254 12 0.4948E-03
44 66 23966 8 0.3338E-03
44 67 24366 5 0.2052E-03
44 68 24552 7 0.2851E-03
44 69 24175 4 0.1655E-03
44 70 24319 0 0.0000E+00
44 71 24332 0 0.0000E+00
44 72 24104 0 0.0000E+00
44 73 23963 2 0.8346E-04
44 74 24441 0 0.0000E+00
44 75 24129 0 0.0000E+00
44 76 24377 0 0.0000E+00
44 77 24371 1 0.4103E-04
44 78 24427 0 0.0000E+00
44 79 24057 0 0.0000E+00
44 80 24186 0 0.0000E+00
44 81 24542 0 0.0000E+00
44 82 24260 0 0.0000E+00
44 83 23854 0 0.0000E+00
44 84 24334 0 0.0000E+00
44 85 24427 0 0.0000E+00
44 86 24817 0 0.0000E+00
44 87 24832 0 0.0000E+00
44 88 24284 0 0.0000E+00
45 45 24923 2686 0.1078
45 46 24733 2260 0.9138E-01
45 47 25446 2429 0.9546E-01
45 48 25234 1914 0.7585E-01
45 49 25024 1618 0.6466E-01
45 50 25170 1477 0.5868E-01
45 51 25026 1201 0.4799E-01
45 52 25074 891 0.3553E-01
45 53 24937 700 0.2807E-01
45 54 25189 727 0.2886E-01
45 55 24999 550 0.2200E-01
45 56 25082 483 0.1926E-01
45 57 25092 315 0.1255E-01
45 58 25094 303 0.1207E-01
45 59 25080 242 0.9649E-02
45 60 25033 193 0.7710E-02
45 61 25043 77 0.3075E-02
45 62 25008 81 0.3239E-02
45 63 25065 46 0.1835E-02
45 64 25459 36 0.1414E-02
45 65 25326 34 0.1342E-02
45 66 24844 11 0.4428E-03
45 67 24665 1 0.4054E-04
45 68 24982 11 0.4403E-03
45 69 25086 1 0.3986E-04
45 70 25355 5 0.1972E-03
45 71 24918 1 0.4013E-04
45 72 24742 0 0.0000E+00
45 73 24720 3 0.1214E-03
45 74 25226 0 0.0000E+00
45 75 24943 0 0.0000E+00
45 76 25174 0 0.0000E+00
45 77 25191 0 0.0000E+00
45 78 25029 0 0.0000E+00
45 79 25138 0 0.0000E+00
45 80 24982 0 0.0000E+00
45 81 24717 0 0.0000E+00
45 82 24887 0 0.0000E+00
45 83 24846 0 0.0000E+00
45 84 25299 0 0.0000E+00
45 85 25067 0 0.0000E+00
45 86 25080 0 0.0000E+00
45 87 24746 0 0.0000E+00
45 88 24968 0 0.0000E+00
45 89 25030 0 0.0000E+00
45 90 25079 0 0.0000E+00
46 46 25869 3012 0.1164
46 47 25495 2366 0.9280E-01
46 48 25405 2123 0.8357E-01
46 49 25533 1863 0.7296E-01
46 50 25249 1516 0.6004E-01
46 51 25459 1333 0.5236E-01
46 52 25880 1333 0.5151E-01
46 53 26093 1126 0.4315E-01
46 54 25768 846 0.3283E-01
46 55 25863 694 0.2683E-01
46 56 25234 444 0.1760E-01
46 57 25534 401 0.1570E-01
46 58 25678 331 0.1289E-01
46 59 25495 253 0.9924E-02
46 60 25547 146 0.5715E-02
46 61 25498 124 0.4863E-02
46 62 25649 124 0.4834E-02
46 63 25703 65 0.2529E-02
46 64 25631 29 0.1131E-02
46 65 25882 53 0.2048E-02
46 66 25685 27 0.1051E-02
46 67 25860 42 0.1624E-02
46 68 25565 10 0.3912E-03
46 69 25459 12 0.4713E-03
46 70 25535 7 0.2741E-03
46 71 25590 0 0.0000E+00
46 72 25699 2 0.7782E-04
46 73 25424 0 0.0000E+00
46 74 25846 0 0.0000E+00
46 75 25635 0 0.0000E+00
46 76 25681 0 0.0000E+00
46 77 25460 0 0.0000E+00
46 78 25596 0 0.0000E+00
46 79 25401 0 0.0000E+00
46 80 25280 0 0.0000E+00
46 81 25578 0 0.0000E+00
46 82 25479 0 0.0000E+00
46 83 25586 0 0.0000E+00
46 84 25387 0 0.0000E+00
46 85 25672 0 0.0000E+00
46 86 25485 0 0.0000E+00
46 87 25629 0 0.0000E+00
46 88 25831 0 0.0000E+00
46 89 25364 0 0.0000E+00
46 90 25373 0 0.0000E+00
46 91 25336 0 0.0000E+00
46 92 25519 0 0.0000E+00
47 47 26043 2771 0.1064
47 48 26216 2540 0.9689E-01
47 49 26482 2361 0.8915E-01
47 50 26188 1847 0.7053E-01
47 51 26515 1796 0.6774E-01
47 52 26452 1495 0.5652E-01
47 53 26054 1186 0.4552E-01
47 54 26102 983 0.3766E-01
47 55 26267 883 0.3362E-01
47 56 26105 711 0.2724E-01
47 57 26600 653 0.2455E-01
47 58 26216 524 0.1999E-01
47 59 26281 392 0.1492E-01
47 60 26533 318 0.1199E-01
47 61 26415 262 0.9919E-02
47 62 26188 150 0.5728E-02
47 63 26330 156 0.5925E-02
47 64 26293 97 0.3689E-02
47 65 26177 59 0.2254E-02
47 66 26090 32 0.1227E-02
47 67 26235 36 0.1372E-02
47 68 26075 15 0.5753E-03
47 69 26266 7 0.2665E-03
47 70 26316 10 0.3800E-03
47 71 26136 9 0.3444E-03
47 72 25879 4 0.1546E-03
47 73 26002 0 0.0000E+00
47 74 25873 0 0.0000E+00
47 75 25770 0 0.0000E+00
47 76 25935 5 0.1928E-03
47 77 26163 0 0.0000E+00
47 78 26040 0 0.0000E+00
47 79 26267 0 0.0000E+00
47 80 25992 0 0.0000E+00
47 81 26400 0 0.0000E+00
47 82 26208 0 0.0000E+00
47 83 26311 0 0.0000E+00
47 84 26358 0 0.0000E+00
47 85 26354 0 0.0000E+00
47 86 26417 0 0.0000E+00
47 87 26348 0 0.0000E+00
47 88 26214 0 0.0000E+00
47 89 26223 0 0.0000E+00
47 90 26335 0 0.0000E+00
47 91 26583 0 0.0000E+00
47 92 26100 0 0.0000E+00
47 93 26213 0 0.0000E+00
47 94 26028 0 0.0000E+00
48 48 26627 2770 0.1040
48 49 26710 2494 0.9337E-01
48 50 26215 2013 0.7679E-01
48 51 26249 1596 0.6080E-01
48 52 26242 1434 0.5465E-01
48 53 26370 1224 0.4642E-01
48 54 26677 1275 0.4779E-01
48 55 26761 1025 0.3830E-01
48 56 26829 883 0.3291E-01
48 57 26672 659 0.2471E-01
48 58 26531 488 0.1839E-01
48 59 26216 350 0.1335E-01
48 60 26314 314 0.1193E-01
48 61 26655 335 0.1257E-01
48 62 26559 193 0.7267E-02
48 63 26707 165 0.6178E-02
48 64 26648 102 0.3828E-02
48 65 26748 107 0.4000E-02
48 66 26727 60 0.2245E-02
48 67 26894 46 0.1710E-02
48 68 26862 50 0.1861E-02
48 69 26987 30 0.1112E-02
48 70 26612 3 0.1127E-03
48 71 26627 24 0.9013E-03
48 72 26539 0 0.0000E+00
48 73 26174 0 0.0000E+00
48 74 26908 4 0.1487E-03
48 75 26964 11 0.4080E-03
48 76 26258 0 0.0000E+00
48 77 26250 0 0.0000E+00
48 78 26443 0 0.0000E+00
48 79 26723 2 0.7484E-04
48 80 26975 0 0.0000E+00
48 81 26986 0 0.0000E+00
48 82 26722 0 0.0000E+00
48 83 26660 0 0.0000E+00
48 84 26630 0 0.0000E+00
48 85 26574 0 0.0000E+00
48 86 27167 0 0.0000E+00
48 87 26937 0 0.0000E+00
48 88 26803 0 0.0000E+00
48 89 26885 0 0.0000E+00
48 90 26835 0 0.0000E+00
48 91 26251 0 0.0000E+00
48 92 26404 0 0.0000E+00
48 93 26853 0 0.0000E+00
48 94 26955 0 0.0000E+00
48 95 26792 0 0.0000E+00
48 96 26794 0 0.0000E+00
49 49 27717 3170 0.1144
49 50 27573 2748 0.9966E-01
49 51 27572 2544 0.9227E-01
49 52 27185 1973 0.7258E-01
49 53 27407 1919 0.7002E-01
49 54 27210 1480 0.5439E-01
49 55 27197 1201 0.4416E-01
49 56 27241 1044 0.3832E-01
49 57 27038 787 0.2911E-01
49 58 26792 706 0.2635E-01
49 59 26950 503 0.1866E-01
49 60 27277 471 0.1727E-01
49 61 27539 388 0.1409E-01
49 62 27238 268 0.9839E-02
49 63 27502 236 0.8581E-02
49 64 27800 205 0.7374E-02
49 65 27484 117 0.4257E-02
49 66 27306 82 0.3003E-02
49 67 27169 62 0.2282E-02
49 68 27058 56 0.2070E-02
49 69 27530 43 0.1562E-02
49 70 27191 17 0.6252E-03
49 71 27328 24 0.8782E-03
49 72 27160 7 0.2577E-03
49 73 26922 8 0.2972E-03
49 74 26976 9 0.3336E-03
49 75 27084 1 0.3692E-04
49 76 26844 0 0.0000E+00
49 77 26951 0 0.0000E+00
49 78 27259 0 0.0000E+00
49 79 27286 4 0.1466E-03
49 80 27471 0 0.0000E+00
49 81 27568 0 0.0000E+00
49 82 27351 0 0.0000E+00
49 83 27399 0 0.0000E+00
49 84 27091 0 0.0000E+00
49 85 27053 0 0.0000E+00
49 86 27177 0 0.0000E+00
49 87 27360 0 0.0000E+00
49 88 27062 0 0.0000E+00
49 89 26980 0 0.0000E+00
49 90 26890 0 0.0000E+00
49 91 26760 0 0.0000E+00
49 92 27040 0 0.0000E+00
49 93 27289 0 0.0000E+00
49 94 27371 0 0.0000E+00
49 95 27357 0 0.0000E+00
49 96 26965 0 0.0000E+00
49 97 27230 0 0.0000E+00
49 98 27427 0 0.0000E+00
50 50 27955 3057 0.1094
50 51 27516 2463 0.8951E-01
50 52 27897 2441 0.8750E-01
50 53 28086 2189 0.7794E-01
50 54 27892 1832 0.6568E-01
50 55 27749 1479 0.5330E-01
50 56 27519 1114 0.4048E-01
50 57 27823 1111 0.3993E-01
50 58 27476 839 0.3054E-01
50 59 27715 719 0.2594E-01
50 60 27815 612 0.2200E-01
50 61 27573 469 0.1701E-01
50 62 27971 375 0.1341E-01
50 63 27877 322 0.1155E-01
50 64 28180 205 0.7275E-02
50 65 27841 206 0.7399E-02
50 66 28133 170 0.6043E-02
50 67 28022 121 0.4318E-02
50 68 27813 103 0.3703E-02
50 69 28060 42 0.1497E-02
50 70 27971 49 0.1752E-02
50 71 27966 32 0.1144E-02
50 72 27848 20 0.7182E-03
50 73 27855 16 0.5744E-03
50 74 27787 3 0.1080E-03
50 75 27838 8 0.2874E-03
50 76 27774 1 0.3600E-04
50 77 27871 0 0.0000E+00
50 78 27902 0 0.0000E+00
50 79 27779 1 0.3600E-04
50 80 27753 0 0.0000E+00
50 81 28138 0 0.0000E+00
50 82 27807 0 0.0000E+00
50 83 27634 0 0.0000E+00
50 84 28061 0 0.0000E+00
50 85 27967 0 0.0000E+00
50 86 27945 0 0.0000E+00
50 87 28100 0 0.0000E+00
50 88 27836 0 0.0000E+00
50 89 27636 0 0.0000E+00
50 90 27887 0 0.0000E+00
50 91 27560 0 0.0000E+00
50 92 27677 0 0.0000E+00
50 93 27760 0 0.0000E+00
50 94 27731 0 0.0000E+00
50 95 28129 0 0.0000E+00
50 96 28377 0 0.0000E+00
50 97 28059 0 0.0000E+00
50 98 27869 0 0.0000E+00
50 99 27623 0 0.0000E+00
50 100 27672 0 0.0000E+00
51 51 28025 2764 0.9863E-01
51 52 27971 2357 0.8427E-01
51 53 28457 2336 0.8209E-01
51 54 28482 2095 0.7356E-01
51 55 28991 2106 0.7264E-01
51 56 28801 1727 0.5996E-01
51 57 28507 1321 0.4634E-01
51 58 28617 1146 0.4005E-01
51 59 28265 942 0.3333E-01
51 60 28506 777 0.2726E-01
51 61 28315 639 0.2257E-01
51 62 28017 454 0.1620E-01
51 63 28119 343 0.1220E-01
51 64 28470 388 0.1363E-01
51 65 28210 186 0.6593E-02
51 66 28506 185 0.6490E-02
51 67 28800 165 0.5729E-02
51 68 28729 160 0.5569E-02
51 69 28541 89 0.3118E-02
51 70 28313 35 0.1236E-02
51 71 28443 40 0.1406E-02
51 72 28668 19 0.6628E-03
51 73 28291 13 0.4595E-03
51 74 28276 12 0.4244E-03
51 75 28559 2 0.7003E-04
51 76 28714 9 0.3134E-03
51 77 28346 2 0.7056E-04
51 78 28268 0 0.0000E+00
51 79 28332 0 0.0000E+00
51 80 28331 0 0.0000E+00
51 81 28970 0 0.0000E+00
51 82 28642 0 0.0000E+00
51 83 28761 1 0.3477E-04
51 84 28350 0 0.0000E+00
51 85 27751 0 0.0000E+00
51 86 28197 0 0.0000E+00
51 87 28237 0 0.0000E+00
51 88 28270 0 0.0000E+00
51 89 28188 0 0.0000E+00
51 90 28515 0 0.0000E+00
51 91 28687 0 0.0000E+00
51 92 28484 0 0.0000E+00
51 93 28366 0 0.0000E+00
51 94 28465 0 0.0000E+00
51 95 28844 0 0.0000E+00
51 96 28469 0 0.0000E+00
51 97 28100 0 0.0000E+00
51 98 28200 0 0.0000E+00
51 99 28463 0 0.0000E+00
51 100 28180 0 0.0000E+00
51 101 28096 0 0.0000E+00
51 102 28523 0 0.0000E+00
52 52 28938 2994 0.1035
52 53 29346 2939 0.1001
52 54 29024 2441 0.8410E-01
52 55 28822 2053 0.7123E-01
52 56 28402 1556 0.5478E-01
52 57 28749 1464 0.5092E-01
52 58 28655 1177 0.4107E-01
52 59 28952 1082 0.3737E-01
52 60 29007 971 0.3347E-01
52 61 29253 879 0.3005E-01
52 62 28896 683 0.2364E-01
52 63 28912 561 0.1940E-01
52 64 29024 448 0.1544E-01
52 65 29029 290 0.9990E-02
52 66 28953 257 0.8876E-02
52 67 28994 246 0.8485E-02
52 68 28650 147 0.5131E-02
52 69 28303 87 0.3074E-02
52 70 28782 76 0.2641E-02
52 71 28854 47 0.1629E-02
52 72 28642 41 0.1431E-02
52 73 28871 25 0.8659E-03
52 74 29246 31 0.1060E-02
52 75 28823 36 0.1249E-02
52 76 29372 6 0.2043E-03
52 77 28970 7 0.2416E-03
52 78 29022 12 0.4135E-03
52 79 28967 0 0.0000E+00
52 80 28828 0 0.0000E+00
52 81 28810 0 0.0000E+00
52 82 28912 0 0.0000E+00
52 83 28833 0 0.0000E+00
52 84 28730 1 0.3481E-04
52 85 28988 0 0.0000E+00
52 86 29084 0 0.0000E+00
52 87 28848 0 0.0000E+00
52 88 28921 0 0.0000E+00
52 89 28687 4 0.1394E-03
52 90 28979 0 0.0000E+00
52 91 29333 0 0.0000E+00
52 92 28998 0 0.0000E+00
52 93 29084 0 0.0000E+00
52 94 28736 0 0.0000E+00
52 95 29098 0 0.0000E+00
52 96 28657 0 0.0000E+00
52 97 28493 0 0.0000E+00
52 98 28474 0 0.0000E+00
52 99 28528 0 0.0000E+00
52 100 29253 0 0.0000E+00
52 101 29010 0 0.0000E+00
52 102 29348 0 0.0000E+00
52 103 29185 0 0.0000E+00
52 104 28872 0 0.0000E+00
53 53 28986 2758 0.9515E-01
53 54 29056 2398 0.8253E-01
53 55 29309 2335 0.7967E-01
53 56 29418 2086 0.7091E-01
53 57 29343 1772 0.6039E-01
53 58 29496 1617 0.5482E-01
53 59 29466 1465 0.4972E-01
53 60 29373 1112 0.3786E-01
53 61 29466 893 0.3031E-01
53 62 29175 820 0.2811E-01
53 63 29381 731 0.2488E-01
53 64 29600 524 0.1770E-01
53 65 29216 412 0.1410E-01
53 66 29091 331 0.1138E-01
53 67 29544 250 0.8462E-02
53 68 29560 215 0.7273E-02
53 69 29190 132 0.4522E-02
53 70 29399 162 0.5510E-02
53 71 29394 80 0.2722E-02
53 72 29286 46 0.1571E-02
53 73 29301 25 0.8532E-03
53 74 29285 17 0.5805E-03
53 75 29390 16 0.5444E-03
53 76 29265 19 0.6492E-03
53 77 29158 1 0.3430E-04
53 78 29261 10 0.3418E-03
53 79 29555 4 0.1353E-03
53 80 29850 11 0.3685E-03
53 81 29579 0 0.0000E+00
53 82 29106 0 0.0000E+00
53 83 29441 2 0.6793E-04
53 84 29570 0 0.0000E+00
53 85 29672 0 0.0000E+00
53 86 29129 0 0.0000E+00
53 87 29505 0 0.0000E+00
53 88 29418 0 0.0000E+00
53 89 29282 0 0.0000E+00
53 90 29245 0 0.0000E+00
53 91 29410 0 0.0000E+00
53 92 29570 0 0.0000E+00
53 93 28946 0 0.0000E+00
53 94 28998 0 0.0000E+00
53 95 29362 0 0.0000E+00
53 96 29807 0 0.0000E+00
53 97 29424 0 0.0000E+00
53 98 29406 0 0.0000E+00
53 99 29481 0 0.0000E+00
53 100 29389 0 0.0000E+00
53 101 29595 0 0.0000E+00
53 102 29423 0 0.0000E+00
53 103 29218 0 0.0000E+00
53 104 29274 0 0.0000E+00
53 105 29179 0 0.0000E+00
53 106 29220 0 0.0000E+00
54 54 29692 2827 0.9521E-01
54 55 29897 2639 0.8827E-01
54 56 30250 2510 0.8298E-01
54 57 30382 2262 0.7445E-01
54 58 30167 1912 0.6338E-01
54 59 30155 1725 0.5720E-01
54 60 29884 1340 0.4484E-01
54 61 30209 1254 0.4151E-01
54 62 30328 1166 0.3845E-01
54 63 30202 984 0.3258E-01
54 64 29471 572 0.1941E-01
54 65 30056 597 0.1986E-01
54 66 30008 453 0.1510E-01
54 67 30228 354 0.1171E-01
54 68 30007 277 0.9231E-02
54 69 30045 176 0.5858E-02
54 70 29906 199 0.6654E-02
54 71 29706 146 0.4915E-02
54 72 29913 74 0.2474E-02
54 73 30319 67 0.2210E-02
54 74 30001 46 0.1533E-02
54 75 30061 45 0.1497E-02
54 76 29327 20 0.6820E-03
54 77 30306 20 0.6599E-03
54 78 30195 15 0.4968E-03
54 79 30282 2 0.6605E-04
54 80 29893 0 0.0000E+00
54 81 29489 0 0.0000E+00
54 82 29869 0 0.0000E+00
54 83 30128 0 0.0000E+00
54 84 29943 0 0.0000E+00
54 85 29854 0 0.0000E+00
54 86 30170 0 0.0000E+00
54 87 29972 0 0.0000E+00
54 88 29927 0 0.0000E+00
54 89 29974 0 0.0000E+00
54 90 30002 0 0.0000E+00
54 91 29860 0 0.0000E+00
54 92 29875 0 0.0000E+00
54 93 29995 0 0.0000E+00
54 94 29968 0 0.0000E+00
54 95 30301 0 0.0000E+00
54 96 30422 0 0.0000E+00
54 97 30194 0 0.0000E+00
54 98 30199 0 0.0000E+00
54 99 30259 0 0.0000E+00
54 100 30590 0 0.0000E+00
54 101 30238 0 0.0000E+00
54 102 30175 0 0.0000E+00
54 103 30084 0 0.0000E+00
54 104 30210 0 0.0000E+00
54 105 29586 0 0.0000E+00
54 106 29906 0 0.0000E+00
54 107 30358 0 0.0000E+00
54 108 30340 0 0.0000E+00
55 55 30871 3298 0.1068
55 56 30908 2909 0.9412E-01
55 57 30898 2630 0.8512E-01
55 58 30592 2142 0.7002E-01
55 59 30862 1954 0.6331E-01
55 60 30742 1616 0.5257E-01
55 61 30667 1526 0.4976E-01
55 62 30664 1269 0.4138E-01
55 63 30301 834 0.2752E-01
55 64 30397 824 0.2711E-01
55 65 30510 744 0.2439E-01
55 66 30507 621 0.2036E-01
55 67 30406 403 0.1325E-01
55 68 30383 301 0.9907E-02
55 69 30356 276 0.9092E-02
55 70 30702 206 0.6710E-02
55 71 30493 181 0.5936E-02
55 72 30577 100 0.3270E-02
55 73 30769 89 0.2893E-02
55 74 30670 93 0.3032E-02
55 75 30530 42 0.1376E-02
55 76 30450 43 0.1412E-02
55 77 30028 14 0.4662E-03
55 78 30498 24 0.7869E-03
55 79 30585 3 0.9809E-04
55 80 30149 13 0.4312E-03
55 81 30586 16 0.5231E-03
55 82 30093 2 0.6646E-04
55 83 30106 0 0.0000E+00
55 84 30453 0 0.0000E+00
55 85 30543 3 0.9822E-04
55 86 30529 0 0.0000E+00
55 87 30394 0 0.0000E+00
55 88 30241 0 0.0000E+00
55 89 30132 0 0.0000E+00
55 90 30532 0 0.0000E+00
55 91 30410 0 0.0000E+00
55 92 30633 0 0.0000E+00
55 93 30560 0 0.0000E+00
55 94 30377 0 0.0000E+00
55 95 30608 0 0.0000E+00
55 96 30854 0 0.0000E+00
55 97 30524 0 0.0000E+00
55 98 30642 0 0.0000E+00
55 99 30552 0 0.0000E+00
55 100 30314 0 0.0000E+00
55 101 30494 0 0.0000E+00
55 102 31000 0 0.0000E+00
55 103 30734 0 0.0000E+00
55 104 30664 0 0.0000E+00
55 105 30866 0 0.0000E+00
55 106 30915 0 0.0000E+00
55 107 30826 0 0.0000E+00
55 108 30393 0 0.0000E+00
55 109 30340 0 0.0000E+00
55 110 30617 0 0.0000E+00
56 56 31142 3156 0.1013
56 57 31214 2828 0.9060E-01
56 58 30973 2395 0.7733E-01
56 59 31140 2154 0.6917E-01
56 60 31006 1816 0.5857E-01
56 61 31287 1703 0.5443E-01
56 62 31048 1438 0.4632E-01
56 63 31051 1183 0.3810E-01
56 64 30845 1009 0.3271E-01
56 65 30766 786 0.2555E-01
56 66 30632 599 0.1955E-01
56 67 31044 488 0.1572E-01
56 68 31532 611 0.1938E-01
56 69 31596 446 0.1412E-01
56 70 31239 324 0.1037E-01
56 71 30988 196 0.6325E-02
56 72 31521 215 0.6821E-02
56 73 31122 189 0.6073E-02
56 74 31287 106 0.3388E-02
56 75 30979 89 0.2873E-02
56 76 31196 48 0.1539E-02
56 77 30799 21 0.6818E-03
56 78 31076 44 0.1416E-02
56 79 31474 24 0.7625E-03
56 80 30915 6 0.1941E-03
56 81 31160 5 0.1605E-03
56 82 31311 1 0.3194E-04
56 83 31446 2 0.6360E-04
56 84 31032 0 0.0000E+00
56 85 30948 0 0.0000E+00
56 86 31448 0 0.0000E+00
56 87 31053 0 0.0000E+00
56 88 30819 0 0.0000E+00
56 89 31193 0 0.0000E+00
56 90 31046 0 0.0000E+00
56 91 30887 0 0.0000E+00
56 92 31375 0 0.0000E+00
56 93 31001 0 0.0000E+00
56 94 31158 0 0.0000E+00
56 95 30963 0 0.0000E+00
56 96 30989 0 0.0000E+00
56 97 30894 0 0.0000E+00
56 98 31316 0 0.0000E+00
56 99 31792 0 0.0000E+00
56 100 31028 0 0.0000E+00
56 101 30939 0 0.0000E+00
56 102 31208 0 0.0000E+00
56 103 31296 0 0.0000E+00
56 104 31101 0 0.0000E+00
56 105 30765 0 0.0000E+00
56 106 31434 0 0.0000E+00
56 107 31005 0 0.0000E+00
56 108 31279 0 0.0000E+00
56 109 31113 0 0.0000E+00
56 110 30951 0 0.0000E+00
56 111 31149 0 0.0000E+00
56 112 31474 0 0.0000E+00
57 57 31693 3086 0.9737E-01
57 58 31957 2934 0.9181E-01
57 59 32223 2760 0.8565E-01
57 60 31141 1932 0.6204E-01
57 61 31483 1902 0.6041E-01
57 62 31519 1620 0.5140E-01
57 63 31368 1383 0.4409E-01
57 64 31156 1079 0.3463E-01
57 65 31941 1222 0.3826E-01
57 66 31811 844 0.2653E-01
57 67 31492 731 0.2321E-01
57 68 31558 554 0.1755E-01
57 69 31680 472 0.1490E-01
57 70 31643 374 0.1182E-01
57 71 31632 338 0.1069E-01
57 72 31809 237 0.7451E-02
57 73 31937 265 0.8298E-02
57 74 32046 148 0.4618E-02
57 75 32103 151 0.4704E-02
57 76 31837 97 0.3047E-02
57 77 31862 37 0.1161E-02
57 78 32035 82 0.2560E-02
57 79 31346 29 0.9252E-03
57 80 31651 8 0.2528E-03
57 81 31579 15 0.4750E-03
57 82 31634 11 0.3477E-03
57 83 31852 1 0.3140E-04
57 84 31872 5 0.1569E-03
57 85 31673 6 0.1894E-03
57 86 31449 8 0.2544E-03
57 87 31754 0 0.0000E+00
57 88 31775 0 0.0000E+00
57 89 31479 0 0.0000E+00
57 90 31325 0 0.0000E+00
57 91 31770 0 0.0000E+00
57 92 31768 0 0.0000E+00
57 93 31170 0 0.0000E+00
57 94 31513 0 0.0000E+00
57 95 31891 0 0.0000E+00
57 96 31737 0 0.0000E+00
57 97 31538 0 0.0000E+00
57 98 32073 0 0.0000E+00
57 99 31764 0 0.0000E+00
57 100 31715 0 0.0000E+00
57 101 31260 0 0.0000E+00
57 102 31663 0 0.0000E+00
57 103 31126 0 0.0000E+00
57 104 31694 0 0.0000E+00
57 105 31590 0 0.0000E+00
57 106 31480 0 0.0000E+00
57 107 31575 0 0.0000E+00
57 108 31221 0 0.0000E+00
57 109 31446 0 0.0000E+00
57 110 31416 0 0.0000E+00
57 111 31767 0 0.0000E+00
57 112 31906 0 0.0000E+00
57 113 31852 0 0.0000E+00
57 114 31837 0 0.0000E+00
58 58 32132 3141 0.9775E-01
58 59 32080 2722 0.8485E-01
58 60 32235 2487 0.7715E-01
58 61 31974 2109 0.6596E-01
58 62 31915 1744 0.5465E-01
58 63 32320 1806 0.5588E-01
58 64 31739 1254 0.3951E-01
58 65 32342 1312 0.4057E-01
58 66 31555 912 0.2890E-01
58 67 31929 817 0.2559E-01
58 68 32361 821 0.2537E-01
58 69 31999 498 0.1556E-01
58 70 32124 439 0.1367E-01
58 71 31579 338 0.1070E-01
58 72 31492 175 0.5557E-02
58 73 31882 172 0.5395E-02
58 74 32068 226 0.7048E-02
58 75 32287 166 0.5141E-02
58 76 32465 99 0.3049E-02
58 77 32070 109 0.3399E-02
58 78 31983 45 0.1407E-02
58 79 32050 35 0.1092E-02
58 80 32373 48 0.1483E-02
58 81 33062 55 0.1664E-02
58 82 32244 48 0.1489E-02
58 83 32396 1 0.3087E-04
58 84 32307 15 0.4643E-03
58 85 32276 0 0.0000E+00
58 86 32185 8 0.2486E-03
58 87 31828 0 0.0000E+00
58 88 32042 9 0.2809E-03
58 89 32346 4 0.1237E-03
58 90 31988 3 0.9379E-04
58 91 32333 0 0.0000E+00
58 92 32068 0 0.0000E+00
58 93 32401 0 0.0000E+00
58 94 32508 0 0.0000E+00
58 95 32458 0 0.0000E+00
58 96 32527 0 0.0000E+00
58 97 32145 0 0.0000E+00
58 98 32475 0 0.0000E+00
58 99 32664 0 0.0000E+00
58 100 32448 0 0.0000E+00
58 101 31919 0 0.0000E+00
58 102 32214 0 0.0000E+00
58 103 32172 0 0.0000E+00
58 104 32561 0 0.0000E+00
58 105 32114 0 0.0000E+00
58 106 31931 0 0.0000E+00
58 107 32365 0 0.0000E+00
58 108 32355 0 0.0000E+00
58 109 31531 0 0.0000E+00
58 110 32257 0 0.0000E+00
58 111 32416 0 0.0000E+00
58 112 32327 0 0.0000E+00
58 113 32158 0 0.0000E+00
58 114 31824 0 0.0000E+00
58 115 32249 0 0.0000E+00
58 116 32250 0 0.0000E+00
59 59 32599 3045 0.9341E-01
59 60 32790 2883 0.8792E-01
59 61 32539 2475 0.7606E-01
59 62 32481 2155 0.6635E-01
59 63 32983 2113 0.6406E-01
59 64 33050 1843 0.5576E-01
59 65 32686 1537 0.4702E-01
59 66 32329 1035 0.3201E-01
59 67 33010 1207 0.3656E-01
59 68 32683 907 0.2775E-01
59 69 32572 718 0.2204E-01
59 70 32634 548 0.1679E-01
59 71 32882 570 0.1733E-01
59 72 32830 485 0.1477E-01
59 73 32676 282 0.8630E-02
59 74 32134 220 0.6846E-02
59 75 31835 164 0.5152E-02
59 76 32280 102 0.3160E-02
59 77 32200 95 0.2950E-02
59 78 32777 113 0.3448E-02
59 79 33203 71 0.2138E-02
59 80 32859 33 0.1004E-02
59 81 32751 35 0.1069E-02
59 82 32729 11 0.3361E-03
59 83 33231 5 0.1505E-03
59 84 32818 13 0.3961E-03
59 85 32741 7 0.2138E-03
59 86 32789 7 0.2135E-03
59 87 33134 21 0.6338E-03
59 88 32985 2 0.6063E-04
59 89 33114 3 0.9060E-04
59 90 32894 3 0.9120E-04
59 91 32568 0 0.0000E+00
59 92 32712 0 0.0000E+00
59 93 32483 0 0.0000E+00
59 94 32825 0 0.0000E+00
59 95 32792 0 0.0000E+00
59 96 32457 0 0.0000E+00
59 97 32783 0 0.0000E+00
59 98 32624 0 0.0000E+00
59 99 32857 0 0.0000E+00
59 100 32999 0 0.0000E+00
59 101 32734 0 0.0000E+00
59 102 32634 0 0.0000E+00
59 103 32975 0 0.0000E+00
59 104 32701 0 0.0000E+00
59 105 32953 0 0.0000E+00
59 106 32664 0 0.0000E+00
59 107 32842 0 0.0000E+00
59 108 32730 0 0.0000E+00
59 109 32621 0 0.0000E+00
59 110 32654 0 0.0000E+00
59 111 33388 0 0.0000E+00
59 112 33119 0 0.0000E+00
59 113 33158 0 0.0000E+00
59 114 32784 0 0.0000E+00
59 115 32609 0 0.0000E+00
59 116 33165 0 0.0000E+00
59 117 33151 0 0.0000E+00
59 118 32638 0 0.0000E+00
60 60 33273 3183 0.9566E-01
60 61 33398 2995 0.8968E-01
60 62 33623 2683 0.7980E-01
60 63 33128 2090 0.6309E-01
60 64 33509 2027 0.6049E-01
60 65 33652 1834 0.5450E-01
60 66 33275 1440 0.4328E-01
60 67 33055 1206 0.3648E-01
60 68 33355 1175 0.3523E-01
60 69 33755 1055 0.3125E-01
60 70 33377 798 0.2391E-01
60 71 33912 712 0.2100E-01
60 72 33609 592 0.1761E-01
60 73 33272 462 0.1389E-01
60 74 33727 422 0.1251E-01
60 75 33457 313 0.9355E-02
60 76 33449 301 0.8999E-02
60 77 33387 139 0.4163E-02
60 78 32979 138 0.4184E-02
60 79 32987 85 0.2577E-02
60 80 33472 66 0.1972E-02
60 81 33064 57 0.1724E-02
60 82 33771 84 0.2487E-02
60 83 33149 27 0.8145E-03
60 84 33245 25 0.7520E-03
60 85 33645 8 0.2378E-03
60 86 33443 7 0.2093E-03
60 87 33408 3 0.8980E-04
60 88 33494 5 0.1493E-03
60 89 33361 0 0.0000E+00
60 90 33675 1 0.2970E-04
60 91 33318 0 0.0000E+00
60 92 33328 0 0.0000E+00
60 93 33342 0 0.0000E+00
60 94 33022 0 0.0000E+00
60 95 33212 0 0.0000E+00
60 96 32934 0 0.0000E+00
60 97 33369 0 0.0000E+00
60 98 33592 1 0.2977E-04
60 99 32937 0 0.0000E+00
60 100 33549 0 0.0000E+00
60 101 33378 0 0.0000E+00
60 102 33781 0 0.0000E+00
60 103 33211 0 0.0000E+00
60 104 32616 0 0.0000E+00
60 105 33250 0 0.0000E+00
60 106 33072 0 0.0000E+00
60 107 33353 0 0.0000E+00
60 108 33168 0 0.0000E+00
60 109 33121 0 0.0000E+00
60 110 33317 0 0.0000E+00
60 111 32612 0 0.0000E+00
60 112 33392 0 0.0000E+00
60 113 33198 0 0.0000E+00
60 114 33351 0 0.0000E+00
60 115 33266 0 0.0000E+00
60 116 33617 0 0.0000E+00
60 117 33521 0 0.0000E+00
60 118 33083 0 0.0000E+00
60 119 33236 0 0.0000E+00
60 120 33319 0 0.0000E+00
61 61 34070 3315 0.9730E-01
61 62 34142 3004 0.8799E-01
61 63 33938 2618 0.7714E-01
61 64 34281 2545 0.7424E-01
61 65 34118 2175 0.6375E-01
61 66 34009 1770 0.5205E-01
61 67 33756 1388 0.4112E-01
61 68 33878 1317 0.3887E-01
61 69 34383 1312 0.3816E-01
61 70 33747 854 0.2531E-01
61 71 33865 799 0.2359E-01
61 72 34162 777 0.2274E-01
61 73 33813 540 0.1597E-01
61 74 33996 415 0.1221E-01
61 75 33953 327 0.9631E-02
61 76 34296 324 0.9447E-02
61 77 33910 226 0.6665E-02
61 78 33863 131 0.3869E-02
61 79 34368 186 0.5412E-02
61 80 34351 88 0.2562E-02
61 81 34001 63 0.1853E-02
61 82 33929 39 0.1149E-02
61 83 33650 21 0.6241E-03
61 84 34219 24 0.7014E-03
61 85 34378 14 0.4072E-03
61 86 33739 15 0.4446E-03
61 87 33474 8 0.2390E-03
61 88 33886 11 0.3246E-03
61 89 33614 0 0.0000E+00
61 90 33811 1 0.2958E-04
61 91 33913 0 0.0000E+00
61 92 33533 4 0.1193E-03
61 93 34008 0 0.0000E+00
61 94 33765 0 0.0000E+00
61 95 33388 0 0.0000E+00
61 96 33481 0 0.0000E+00
61 97 33850 0 0.0000E+00
61 98 34307 0 0.0000E+00
61 99 34126 0 0.0000E+00
61 100 33923 0 0.0000E+00
61 101 33574 0 0.0000E+00
61 102 33906 0 0.0000E+00
61 103 34177 0 0.0000E+00
61 104 34189 0 0.0000E+00
61 105 33667 0 0.0000E+00
61 106 33800 0 0.0000E+00
61 107 33924 0 0.0000E+00
61 108 33938 0 0.0000E+00
61 109 33858 0 0.0000E+00
61 110 34218 0 0.0000E+00
61 111 33978 0 0.0000E+00
61 112 33825 0 0.0000E+00
61 113 34019 0 0.0000E+00
61 114 33922 0 0.0000E+00
61 115 33909 0 0.0000E+00
61 116 33768 0 0.0000E+00
61 117 33919 0 0.0000E+00
61 118 34512 0 0.0000E+00
61 119 34241 0 0.0000E+00
61 120 34002 0 0.0000E+00
61 121 33787 0 0.0000E+00
61 122 33461 0 0.0000E+00
62 62 34573 3281 0.9490E-01
62 63 34601 3029 0.8754E-01
62 64 34738 2813 0.8098E-01
62 65 34093 2102 0.6165E-01
62 66 34324 1868 0.5442E-01
62 67 34779 2006 0.5768E-01
62 68 34533 1556 0.4506E-01
62 69 34659 1355 0.3910E-01
62 70 34735 1233 0.3550E-01
62 71 34748 1048 0.3016E-01
62 72 34559 919 0.2659E-01
62 73 34294 625 0.1822E-01
62 74 34581 594 0.1718E-01
62 75 34495 507 0.1470E-01
62 76 34720 410 0.1181E-01
62 77 34454 392 0.1138E-01
62 78 34917 251 0.7188E-02
62 79 34240 176 0.5140E-02
62 80 33987 95 0.2795E-02
62 81 34477 114 0.3307E-02
62 82 34551 115 0.3328E-02
62 83 34517 67 0.1941E-02
62 84 34292 43 0.1254E-02
62 85 34588 41 0.1185E-02
62 86 34671 25 0.7211E-03
62 87 35165 35 0.9953E-03
62 88 34750 5 0.1439E-03
62 89 34650 7 0.2020E-03
62 90 34538 4 0.1158E-03
62 91 34405 2 0.5813E-04
62 92 34298 6 0.1749E-03
62 93 34375 2 0.5818E-04
62 94 34028 0 0.0000E+00
62 95 34097 0 0.0000E+00
62 96 34302 0 0.0000E+00
62 97 34408 0 0.0000E+00
62 98 34290 0 0.0000E+00
62 99 34383 0 0.0000E+00
62 100 34382 0 0.0000E+00
62 101 34362 0 0.0000E+00
62 102 34250 0 0.0000E+00
62 103 34636 0 0.0000E+00
62 104 34150 0 0.0000E+00
62 105 34183 0 0.0000E+00
62 106 34426 0 0.0000E+00
62 107 34093 0 0.0000E+00
62 108 34689 0 0.0000E+00
62 109 34348 0 0.0000E+00
62 110 34356 0 0.0000E+00
62 111 34711 0 0.0000E+00
62 112 34127 0 0.0000E+00
62 113 34320 0 0.0000E+00
62 114 34645 0 0.0000E+00
62 115 34615 0 0.0000E+00
62 116 34988 0 0.0000E+00
62 117 34882 0 0.0000E+00
62 118 34295 0 0.0000E+00
62 119 34586 0 0.0000E+00
62 120 34203 0 0.0000E+00
62 121 34614 0 0.0000E+00
62 122 34504 0 0.0000E+00
62 123 34544 0 0.0000E+00
62 124 34551 0 0.0000E+00
63 63 35038 3251 0.9278E-01
63 64 35514 3188 0.8977E-01
63 65 35255 2844 0.8067E-01
63 66 35077 2477 0.7062E-01
63 67 34535 1823 0.5279E-01
63 68 34628 1626 0.4696E-01
63 69 35069 1533 0.4371E-01
63 70 35085 1488 0.4241E-01
63 71 35236 1337 0.3794E-01
63 72 34801 779 0.2238E-01
63 73 34772 768 0.2209E-01
63 74 34906 690 0.1977E-01
63 75 34742 421 0.1212E-01
63 76 35018 531 0.1516E-01
63 77 34795 321 0.9225E-02
63 78 35252 313 0.8879E-02
63 79 35131 321 0.9137E-02
63 80 35197 174 0.4944E-02
63 81 35279 148 0.4195E-02
63 82 35454 204 0.5754E-02
63 83 35180 95 0.2700E-02
63 84 34865 49 0.1405E-02
63 85 35024 47 0.1342E-02
63 86 35104 34 0.9686E-03
63 87 34998 28 0.8000E-03
63 88 34906 10 0.2865E-03
63 89 34822 19 0.5456E-03
63 90 34854 0 0.0000E+00
63 91 34861 2 0.5737E-04
63 92 35123 0 0.0000E+00
63 93 35118 2 0.5695E-04
63 94 34684 3 0.8650E-04
63 95 34515 1 0.2897E-04
63 96 35082 1 0.2850E-04
63 97 35385 8 0.2261E-03
63 98 34887 0 0.0000E+00
63 99 35189 0 0.0000E+00
63 100 35413 0 0.0000E+00
63 101 35105 0 0.0000E+00
63 102 35153 0 0.0000E+00
63 103 34684 0 0.0000E+00
63 104 34776 0 0.0000E+00
63 105 34909 0 0.0000E+00
63 106 34484 0 0.0000E+00
63 107 35044 0 0.0000E+00
63 108 34829 0 0.0000E+00
63 109 34911 0 0.0000E+00
63 110 35318 0 0.0000E+00
63 111 35572 0 0.0000E+00
63 112 35171 0 0.0000E+00
63 113 35198 0 0.0000E+00
63 114 35482 0 0.0000E+00
63 115 35248 0 0.0000E+00
63 116 34899 0 0.0000E+00
63 117 34839 0 0.0000E+00
63 118 34396 0 0.0000E+00
63 119 34927 0 0.0000E+00
63 120 35020 0 0.0000E+00
63 121 34976 0 0.0000E+00
63 122 34697 0 0.0000E+00
63 123 34213 0 0.0000E+00
63 124 35270 0 0.0000E+00
63 125 34676 0 0.0000E+00
63 126 34879 0 0.0000E+00
64 64 35342 3237 0.9159E-01
64 65 35394 2952 0.8340E-01
64 66 35413 2686 0.7585E-01
64 67 35346 2283 0.6459E-01
64 68 35260 2035 0.5771E-01
64 69 35043 1591 0.4540E-01
64 70 35649 1572 0.4410E-01
64 71 35245 1245 0.3532E-01
64 72 35378 1071 0.3027E-01
64 73 35804 1105 0.3086E-01
64 74 35673 828 0.2321E-01
64 75 36397 1045 0.2871E-01
64 76 35899 669 0.1864E-01
64 77 35458 455 0.1283E-01
64 78 35194 358 0.1017E-01
64 79 35765 300 0.8388E-02
64 80 35373 274 0.7746E-02
64 81 35304 172 0.4872E-02
64 82 35696 156 0.4370E-02
64 83 35836 159 0.4437E-02
64 84 35141 45 0.1281E-02
64 85 35415 62 0.1751E-02
64 86 35730 56 0.1567E-02
64 87 35492 37 0.1042E-02
64 88 35808 22 0.6144E-03
64 89 36069 27 0.7486E-03
64 90 35730 13 0.3638E-03
64 91 35581 8 0.2248E-03
64 92 35795 11 0.3073E-03
64 93 35553 0 0.0000E+00
64 94 35686 0 0.0000E+00
64 95 35681 0 0.0000E+00
64 96 35821 0 0.0000E+00
64 97 35649 0 0.0000E+00
64 98 35401 0 0.0000E+00
64 99 35273 0 0.0000E+00
64 100 35696 0 0.0000E+00
64 101 35540 0 0.0000E+00
64 102 35497 0 0.0000E+00
64 103 35723 0 0.0000E+00
64 104 35638 0 0.0000E+00
64 105 35598 0 0.0000E+00
64 106 35486 0 0.0000E+00
64 107 35306 0 0.0000E+00
64 108 35257 0 0.0000E+00
64 109 35513 0 0.0000E+00
64 110 35499 0 0.0000E+00
64 111 35518 0 0.0000E+00
64 112 35601 0 0.0000E+00
64 113 35264 0 0.0000E+00
64 114 35349 0 0.0000E+00
64 115 35347 0 0.0000E+00
64 116 35594 0 0.0000E+00
64 117 35344 0 0.0000E+00
64 118 35895 0 0.0000E+00
64 119 35499 0 0.0000E+00
64 120 35332 0 0.0000E+00
64 121 35776 0 0.0000E+00
64 122 35564 0 0.0000E+00
64 123 35806 0 0.0000E+00
64 124 35843 0 0.0000E+00
64 125 35809 0 0.0000E+00
64 126 36139 0 0.0000E+00
64 127 35603 0 0.0000E+00
64 128 35816 0 0.0000E+00
65 65 36392 3475 0.9549E-01
65 66 35917 2925 0.8144E-01
65 67 36189 2705 0.7475E-01
65 68 36489 2656 0.7279E-01
65 69 36018 1973 0.5478E-01
65 70 36240 1951 0.5384E-01
65 71 35955 1689 0.4698E-01
65 72 36008 1363 0.3785E-01
65 73 36228 1277 0.3525E-01
65 74 35724 852 0.2385E-01
65 75 36146 900 0.2490E-01
65 76 36240 870 0.2401E-01
65 77 36340 713 0.1962E-01
65 78 36700 588 0.1602E-01
65 79 35793 334 0.9331E-02
65 80 35783 221 0.6176E-02
65 81 36314 344 0.9473E-02
65 82 36370 203 0.5582E-02
65 83 35868 143 0.3987E-02
65 84 35592 103 0.2894E-02
65 85 35872 81 0.2258E-02
65 86 36584 104 0.2843E-02
65 87 36407 55 0.1511E-02
65 88 36967 38 0.1028E-02
65 89 36645 22 0.6004E-03
65 90 36145 4 0.1107E-03
65 91 36349 9 0.2476E-03
65 92 36132 16 0.4428E-03
65 93 35817 0 0.0000E+00
65 94 36063 7 0.1941E-03
65 95 36155 0 0.0000E+00
65 96 35941 1 0.2782E-04
65 97 36086 7 0.1940E-03
65 98 36271 5 0.1379E-03
65 99 35899 0 0.0000E+00
65 100 35473 0 0.0000E+00
65 101 36158 2 0.5531E-04
65 102 36740 0 0.0000E+00
65 103 36223 0 0.0000E+00
65 104 35612 0 0.0000E+00
65 105 35673 0 0.0000E+00
65 106 35730 0 0.0000E+00
65 107 36207 0 0.0000E+00
65 108 36451 0 0.0000E+00
65 109 36184 0 0.0000E+00
65 110 36000 0 0.0000E+00
65 111 35988 0 0.0000E+00
65 112 36003 0 0.0000E+00
65 113 36471 0 0.0000E+00
65 114 36276 0 0.0000E+00
65 115 36123 0 0.0000E+00
65 116 35940 0 0.0000E+00
65 117 35502 0 0.0000E+00
65 118 35730 0 0.0000E+00
65 119 36004 0 0.0000E+00
65 120 36038 0 0.0000E+00
65 121 36016 0 0.0000E+00
65 122 35716 0 0.0000E+00
65 123 36005 0 0.0000E+00
65 124 36378 0 0.0000E+00
65 125 35752 0 0.0000E+00
65 126 35895 0 0.0000E+00
65 127 36074 0 0.0000E+00
65 128 36196 0 0.0000E+00
65 129 36012 0 0.0000E+00
65 130 36295 0 0.0000E+00
66 66 37131 3676 0.9900E-01
66 67 36800 3111 0.8454E-01
66 68 36940 2811 0.7610E-01
66 69 36763 2470 0.6719E-01
66 70 36520 2070 0.5668E-01
66 71 36547 1806 0.4942E-01
66 72 37070 1855 0.5004E-01
66 73 36656 1482 0.4043E-01
66 74 36303 1101 0.3033E-01
66 75 36544 965 0.2641E-01
66 76 36570 777 0.2125E-01
66 77 36643 672 0.1834E-01
66 78 36356 567 0.1560E-01
66 79 36474 522 0.1431E-01
66 80 37054 500 0.1349E-01
66 81 37158 421 0.1133E-01
66 82 36494 226 0.6193E-02
66 83 36636 232 0.6333E-02
66 84 36560 156 0.4267E-02
66 85 36821 162 0.4400E-02
66 86 36886 124 0.3362E-02
66 87 36673 88 0.2400E-02
66 88 36488 46 0.1261E-02
66 89 36479 32 0.8772E-03
66 90 36851 41 0.1113E-02
66 91 36684 26 0.7088E-03
66 92 36290 13 0.3582E-03
66 93 36678 7 0.1909E-03
66 94 36692 2 0.5451E-04
66 95 36496 0 0.0000E+00
66 96 36786 0 0.0000E+00
66 97 36282 0 0.0000E+00
66 98 36609 0 0.0000E+00
66 99 36554 0 0.0000E+00
66 100 36576 0 0.0000E+00
66 101 36928 0 0.0000E+00
66 102 36821 0 0.0000E+00
66 103 37111 0 0.0000E+00
66 104 36867 0 0.0000E+00
66 105 36953 0 0.0000E+00
66 106 36993 0 0.0000E+00
66 107 36272 0 0.0000E+00
66 108 36351 0 0.0000E+00
66 109 36783 0 0.0000E+00
66 110 36536 0 0.0000E+00
66 111 36873 0 0.0000E+00
66 112 37076 0 0.0000E+00
66 113 36641 0 0.0000E+00
66 114 35954 0 0.0000E+00
66 115 36352 0 0.0000E+00
66 116 36776 0 0.0000E+00
66 117 36761 0 0.0000E+00
66 118 36754 0 0.0000E+00
66 119 36554 0 0.0000E+00
66 120 36256 0 0.0000E+00
66 121 36761 0 0.0000E+00
66 122 36554 0 0.0000E+00
66 123 36768 0 0.0000E+00
66 124 37169 0 0.0000E+00
66 125 36930 0 0.0000E+00
66 126 36695 0 0.0000E+00
66 127 37033 0 0.0000E+00
66 128 36750 0 0.0000E+00
66 129 37026 0 0.0000E+00
66 130 37187 0 0.0000E+00
66 131 36736 0 0.0000E+00
66 132 36940 0 0.0000E+00
67 67 37183 3329 0.8953E-01
67 68 37469 3147 0.8399E-01
67 69 36768 2620 0.7126E-01
67 70 36970 2336 0.6319E-01
67 71 37200 2122 0.5704E-01
67 72 36933 1724 0.4668E-01
67 73 37263 1656 0.4444E-01
67 74 37199 1527 0.4105E-01
67 75 37175 1354 0.3642E-01
67 76 36928 1112 0.3011E-01
67 77 36937 883 0.2391E-01
67 78 37061 675 0.1821E-01
67 79 37256 614 0.1648E-01
67 80 37545 581 0.1547E-01
67 81 37576 458 0.1219E-01
67 82 37104 344 0.9271E-02
67 83 37387 407 0.1089E-01
67 84 37004 198 0.5351E-02
67 85 37009 130 0.3513E-02
67 86 37138 120 0.3231E-02
67 87 36509 46 0.1260E-02
67 88 37005 89 0.2405E-02
67 89 36916 80 0.2167E-02
67 90 36927 23 0.6229E-03
67 91 37173 29 0.7801E-03
67 92 37367 24 0.6423E-03
67 93 37540 12 0.3197E-03
67 94 37218 13 0.3493E-03
67 95 37433 2 0.5343E-04
67 96 37210 15 0.4031E-03
67 97 37268 0 0.0000E+00
67 98 36831 5 0.1358E-03
67 99 37314 2 0.5360E-04
67 100 37323 1 0.2679E-04
67 101 37090 0 0.0000E+00
67 102 37274 0 0.0000E+00
67 103 37117 0 0.0000E+00
67 104 37072 0 0.0000E+00
67 105 36674 0 0.0000E+00
67 106 36623 0 0.0000E+00
67 107 37539 0 0.0000E+00
67 108 37241 0 0.0000E+00
67 109 37485 0 0.0000E+00
67 110 37127 0 0.0000E+00
67 111 37224 0 0.0000E+00
67 112 37401 0 0.0000E+00
67 113 37353 0 0.0000E+00
67 114 37423 0 0.0000E+00
67 115 37224 0 0.0000E+00
67 116 36933 0 0.0000E+00
67 117 37135 0 0.0000E+00
67 118 37081 0 0.0000E+00
67 119 36933 0 0.0000E+00
67 120 36790 0 0.0000E+00
67 121 36940 0 0.0000E+00
67 122 38125 0 0.0000E+00
67 123 37259 0 0.0000E+00
67 124 36933 0 0.0000E+00
67 125 36641 0 0.0000E+00
67 126 37296 0 0.0000E+00
67 127 37178 0 0.0000E+00
67 128 37395 0 0.0000E+00
67 129 37483 0 0.0000E+00
67 130 37152 0 0.0000E+00
67 131 36790 0 0.0000E+00
67 132 37147 0 0.0000E+00
67 133 37620 0 0.0000E+00
67 134 37606 0 0.0000E+00
68 68 38388 3885 0.1012
68 69 38219 3300 0.8634E-01
68 70 38109 2910 0.7636E-01
68 71 37525 2401 0.6398E-01
68 72 38031 2296 0.6037E-01
68 73 37577 1925 0.5123E-01
68 74 37602 1584 0.4213E-01
68 75 37590 1383 0.3679E-01
68 76 38177 1442 0.3777E-01
68 77 37730 1087 0.2881E-01
68 78 37570 869 0.2313E-01
68 79 37401 698 0.1866E-01
68 80 37952 766 0.2018E-01
68 81 37806 507 0.1341E-01
68 82 37884 511 0.1349E-01
68 83 37395 317 0.8477E-02
68 84 37377 225 0.6020E-02
68 85 37685 158 0.4193E-02
68 86 38057 239 0.6280E-02
68 87 37709 150 0.3978E-02
68 88 38171 139 0.3642E-02
68 89 37604 33 0.8776E-03
68 90 37957 82 0.2160E-02
68 91 37663 51 0.1354E-02
68 92 37548 30 0.7990E-03
68 93 37330 22 0.5893E-03
68 94 37984 5 0.1316E-03
68 95 37816 2 0.5289E-04
68 96 37796 5 0.1323E-03
68 97 37919 5 0.1319E-03
68 98 37993 16 0.4211E-03
68 99 37714 0 0.0000E+00
68 100 37781 0 0.0000E+00
68 101 37932 0 0.0000E+00
68 102 37540 0 0.0000E+00
68 103 37712 1 0.2652E-04
68 104 38190 0 0.0000E+00
68 105 38246 0 0.0000E+00
68 106 38091 0 0.0000E+00
68 107 38034 0 0.0000E+00
68 108 37622 0 0.0000E+00
68 109 37660 0 0.0000E+00
68 110 37935 0 0.0000E+00
68 111 37853 0 0.0000E+00
68 112 38300 0 0.0000E+00
68 113 38539 0 0.0000E+00
68 114 37797 0 0.0000E+00
68 115 37677 0 0.0000E+00
68 116 37946 0 0.0000E+00
68 117 37916 0 0.0000E+00
68 118 38016 0 0.0000E+00
68 119 37791 0 0.0000E+00
68 120 38002 0 0.0000E+00
68 121 37533 0 0.0000E+00
68 122 37479 0 0.0000E+00
68 123 36878 0 0.0000E+00
68 124 37355 0 0.0000E+00
68 125 37669 0 0.0000E+00
68 126 37609 0 0.0000E+00
68 127 37686 0 0.0000E+00
68 128 37693 0 0.0000E+00
68 129 37838 0 0.0000E+00
68 130 37942 0 0.0000E+00
68 131 37848 0 0.0000E+00
68 132 37819 0 0.0000E+00
68 133 37967 0 0.0000E+00
68 134 37415 0 0.0000E+00
68 135 38005 0 0.0000E+00
68 136 37928 0 0.0000E+00
69 69 38151 3385 0.8873E-01
69 70 38165 3054 0.8002E-01
69 71 38425 2910 0.7573E-01
69 72 38515 2576 0.6688E-01
69 73 38357 2305 0.6009E-01
69 74 38508 2175 0.5648E-01
69 75 38747 1890 0.4878E-01
69 76 37869 1263 0.3335E-01
69 77 38122 1236 0.3242E-01
69 78 38038 1045 0.2747E-01
69 79 38140 882 0.2313E-01
69 80 38415 843 0.2194E-01
69 81 38097 515 0.1352E-01
69 82 38274 535 0.1398E-01
69 83 38438 517 0.1345E-01
69 84 38744 388 0.1001E-01
69 85 38099 220 0.5774E-02
69 86 38570 242 0.6274E-02
69 87 38519 227 0.5893E-02
69 88 38433 159 0.4137E-02
69 89 38367 126 0.3284E-02
69 90 38518 123 0.3193E-02
69 91 38204 65 0.1701E-02
69 92 38738 24 0.6195E-03
69 93 38430 55 0.1431E-02
69 94 38331 32 0.8348E-03
69 95 38568 30 0.7778E-03
69 96 38287 14 0.3657E-03
69 97 38097 6 0.1575E-03
69 98 38028 2 0.5259E-04
69 99 38435 0 0.0000E+00
69 100 38549 0 0.0000E+00
69 101 38656 0 0.0000E+00
69 102 38319 5 0.1305E-03
69 103 38316 2 0.5220E-04
69 104 38317 0 0.0000E+00
69 105 37983 0 0.0000E+00
69 106 37934 0 0.0000E+00
69 107 38274 0 0.0000E+00
69 108 38237 0 0.0000E+00
69 109 38017 0 0.0000E+00
69 110 37758 0 0.0000E+00
69 111 38156 0 0.0000E+00
69 112 38623 0 0.0000E+00
69 113 38437 0 0.0000E+00
69 114 38057 0 0.0000E+00
69 115 37758 0 0.0000E+00
69 116 38617 0 0.0000E+00
69 117 38655 0 0.0000E+00
69 118 37982 0 0.0000E+00
69 119 37746 0 0.0000E+00
69 120 38210 0 0.0000E+00
69 121 38079 0 0.0000E+00
69 122 38365 0 0.0000E+00
69 123 37929 0 0.0000E+00
69 124 37948 0 0.0000E+00
69 125 37861 0 0.0000E+00
69 126 38072 0 0.0000E+00
69 127 38136 0 0.0000E+00
69 128 37937 0 0.0000E+00
69 129 38643 0 0.0000E+00
69 130 38174 0 0.0000E+00
69 131 38539 0 0.0000E+00
69 132 38550 0 0.0000E+00
69 133 38251 0 0.0000E+00
69 134 38603 0 0.0000E+00
69 135 38790 0 0.0000E+00
69 136 38381 0 0.0000E+00
69 137 38375 0 0.0000E+00
69 138 38327 0 0.0000E+00
70 70 39299 3682 0.9369E-01
70 71 38664 2995 0.7746E-01
70 72 39328 3153 0.8017E-01
70 73 39156 2640 0.6742E-01
70 74 39208 2439 0.6221E-01
70 75 38862 2031 0.5226E-01
70 76 38377 1547 0.4031E-01
70 77 38856 1509 0.3884E-01
70 78 39402 1481 0.3759E-01
70 79 38636 982 0.2542E-01
70 80 39209 1023 0.2609E-01
70 81 38598 738 0.1912E-01
70 82 39195 734 0.1873E-01
70 83 38628 556 0.1439E-01
70 84 38488 358 0.9302E-02
70 85 38804 408 0.1051E-01
70 86 39145 333 0.8507E-02
70 87 39034 192 0.4919E-02
70 88 39130 197 0.5035E-02
70 89 38759 144 0.3715E-02
70 90 38482 124 0.3222E-02
70 91 38995 81 0.2077E-02
70 92 39481 64 0.1621E-02
70 93 38386 36 0.9378E-03
70 94 38437 51 0.1327E-02
70 95 38734 7 0.1807E-03
70 96 38658 17 0.4398E-03
70 97 38653 20 0.5174E-03
70 98 38436 9 0.2342E-03
70 99 38562 7 0.1815E-03
70 100 38268 1 0.2613E-04
70 101 38692 9 0.2326E-03
70 102 38833 0 0.0000E+00
70 103 38827 9 0.2318E-03
70 104 38807 1 0.2577E-04
70 105 39174 0 0.0000E+00
70 106 38720 0 0.0000E+00
70 107 38312 0 0.0000E+00
70 108 38238 0 0.0000E+00
70 109 38341 0 0.0000E+00
70 110 38634 0 0.0000E+00
70 111 39191 0 0.0000E+00
70 112 39399 0 0.0000E+00
70 113 39106 0 0.0000E+00
70 114 39083 0 0.0000E+00
70 115 39132 0 0.0000E+00
70 116 39002 0 0.0000E+00
70 117 39127 0 0.0000E+00
70 118 39315 0 0.0000E+00
70 119 38598 0 0.0000E+00
70 120 38996 0 0.0000E+00
70 121 38552 0 0.0000E+00
70 122 38380 0 0.0000E+00
70 123 38794 0 0.0000E+00
70 124 39322 0 0.0000E+00
70 125 39056 0 0.0000E+00
70 126 38920 0 0.0000E+00
70 127 39062 0 0.0000E+00
70 128 39128 0 0.0000E+00
70 129 38987 0 0.0000E+00
70 130 39106 0 0.0000E+00
70 131 39030 0 0.0000E+00
70 132 38749 0 0.0000E+00
70 133 39087 0 0.0000E+00
70 134 38755 0 0.0000E+00
70 135 38913 0 0.0000E+00
70 136 38929 0 0.0000E+00
70 137 38980 0 0.0000E+00
70 138 39335 0 0.0000E+00
70 139 38721 0 0.0000E+00
70 140 39356 0 0.0000E+00
