  10.00  10  0.0000E+00  425.9  0.0000E+00 0.0000E+00  106.8  0.0000E+00 0.6500  106.1  0.6092E-02 0.1088E+05 15.00 
0.1378E-02
  10.00  15  0.0000E+00  527.8  0.0000E+00 0.0000E+00  25.25  0.0000E+00 0.0000E+00  25.30  0.0000E+00 0.1125E+05 
0.0000E+00 0.0000E+00
  10.00  20  0.0000E+00  533.3  0.0000E+00 0.0000E+00  1.100  0.0000E+00 0.0000E+00  1.100  0.0000E+00 0.1089E+05 
0.0000E+00 0.0000E+00
  20.00  20  0.0000E+00  918.4  0.0000E+00 0.0000E+00  168.6  0.0000E+00 0.0000E+00  168.6  0.0000E+00 0.2213E+05 
0.0000E+00 0.0000E+00
  20.00  30  0.0000E+00  1064.  0.0000E+00 0.0000E+00  10.30  0.0000E+00 0.0000E+00  10.35  0.0000E+00 0.2188E+05 
0.0000E+00 0.0000E+00
  20.00  40  0.0000E+00  1076.  0.0000E+00 0.0000E+00  0.5000E-01  0 0.0000E+00  0.5000E-01  0 0.2191E+05 0.0000E+00 
0.0000E+00
  30.00  30  0.0000E+00  1416.  0.0000E+00 0.0000E+00  218.4  0.0000E+00 0.0000E+00  218.6  0.0000E+00 0.3326E+05 
0.0000E+00 0.0000E+00
  30.00  45  0.0000E+00  1619.  0.0000E+00 0.0000E+00  1.000  0.0000E+00 0.0000E+00  1.000  0.0000E+00 0.3300E+05 
0.0000E+00 0.0000E+00
  30.00  60  0.0000E+00  1661.  0.0000E+00 0.0000E+00  0.0000E+00  0 0.0000E+00  0.0000E+00  0 0.3382E+05 0.0000E+00 
0.0000E+00
  40.00  40  0.0000E+00  1908.  0.0000E+00 0.0000E+00  238.9  0.0000E+00 0.0000E+00  237.9  0.0000E+00 0.4374E+05 
0.0000E+00 0.0000E+00
  40.00  60  0.0000E+00  2198.  0.0000E+00 0.0000E+00  0.7500  0 0.0000E+00  0.7500  0 0.4476E+05 0.0000E+00 0.0000E+00
  40.00  80  0.0000E+00  2162.  0.0000E+00 0.0000E+00  0.0000E+00  0 0.0000E+00  0.0000E+00  0 0.4405E+05 0.0000E+00 
0.0000E+00
  50.00  50  0.0000E+00  2456.  0.0000E+00 0.0000E+00  279.5  0.0000E+00 0.0000E+00  278.6  0.0000E+00 0.5570E+05 
0.0000E+00 0.0000E+00
  50.00  75  0.0000E+00  2733.  0.0000E+00 0.0000E+00  1.150  0.0000E+00 0.0000E+00  1.150  0.0000E+00 0.5568E+05 
0.0000E+00 0.0000E+00
  50.00  100  0.0000E+00  2720.  0.0000E+00 0.0000E+00  0.0000E+00  0 0.0000E+00  0.0000E+00  0 0.5544E+05 0.0000E+00 
0.0000E+00
  60.00  60  0.0000E+00  2963.  0.0000E+00 0.0000E+00  326.2  0.0000E+00 0.0000E+00  326.8  0.0000E+00 0.6699E+05 
0.0000E+00 0.0000E+00
  60.00  90  0.0000E+00  3298.  0.0000E+00 0.0000E+00  0.2500  0 0.0000E+00  0.2500  0 0.6716E+05 0.0000E+00 0.0000E+00
  60.00  120  0.0000E+00  3282.  0.0000E+00 0.0000E+00  0.0000E+00  0 0.0000E+00  0.0000E+00  0 0.6687E+05 0.0000E+00 
0.0000E+00
  70.00  70  0.0000E+00  3517.  0.0000E+00 0.0000E+00  325.1  0.0000E+00 0.0000E+00  325.4  0.0000E+00 0.7822E+05 
0.0000E+00 0.0000E+00
  70.00  105  0.0000E+00  3848.  0.0000E+00 0.0000E+00  0.0000E+00  0 0.0000E+00  0.0000E+00  0 0.7840E+05 0.0000E+00 
0.0000E+00
  70.00  140  0.0000E+00  3817.  0.0000E+00 0.0000E+00  0.0000E+00  0 0.0000E+00  0.0000E+00  0 0.7774E+05 0.0000E+00 
0.0000E+00
