1 0.0000E+00 0.1025E-01 0.9932E-03 0.0000E+00 0.0000E+00 0.0000E+00
2 0.0000E+00 0.1080E-01 0.1016E-02 0.0000E+00 0.0000E+00 0.0000E+00
3 0.0000E+00 0.1114E-01 0.1009E-02 0.0000E+00 0.0000E+00 0.0000E+00
4 0.0000E+00 0.9758E-02 0.1017E-02 0.0000E+00 0.0000E+00 0.0000E+00
5 0.0000E+00 0.1208E-01 0.9982E-03 0.0000E+00 0.0000E+00 0.0000E+00
6 0.0000E+00 0.1140E-01 0.1018E-02 0.0000E+00 0.0000E+00 0.0000E+00
7 0.0000E+00 0.1151E-01 0.1013E-02 0.0000E+00 0.0000E+00 0.0000E+00
8 0.0000E+00 0.1080E-01 0.1011E-02 0.0000E+00 0.0000E+00 0.0000E+00
9 0.0000E+00 0.1169E-01 0.1006E-02 0.0000E+00 1.000 0.2222E-04
10 0.0000E+00 0.9949E-02 0.9962E-03 0.0000E+00 0.0000E+00 0.0000E+00
11 0.0000E+00 0.1270E-01 0.9979E-03 0.0000E+00 1.000 0.2000E-03
12 0.0000E+00 0.1282E-01 0.1010E-02 0.0000E+00 1.000 0.3000E-03
13 0.0000E+00 0.1355E-01 0.9926E-03 0.0000E+00 1.000 0.5846E-03
14 0.0000E+00 0.1245E-01 0.1009E-02 0.0000E+00 1.000 0.7072E-03
15 0.0000E+00 0.1065E-01 0.9985E-03 0.0000E+00 1.000 0.1193E-02
16 0.0000E+00 0.1303E-01 0.1009E-02 0.0000E+00 2.000 0.2025E-02
17 0.0000E+00 0.1208E-01 0.1005E-02 0.0000E+00 2.000 0.2918E-02
18 0.0000E+00 0.1495E-01 0.1001E-02 0.0000E+00 2.000 0.4217E-02
19 0.0000E+00 0.1160E-01 0.1002E-02 0.0000E+00 2.000 0.5490E-02
20 0.0000E+00 0.1294E-01 0.1003E-02 0.0000E+00 2.000 0.7215E-02
21 0.0000E+00 0.1254E-01 0.1003E-02 0.0000E+00 2.000 0.8705E-02
22 0.0000E+00 0.1141E-01 0.1008E-02 0.0000E+00 2.000 0.1133E-01
23 0.0000E+00 0.1285E-01 0.1011E-02 0.0000E+00 2.000 0.1359E-01
24 0.0000E+00 0.1099E-01 0.1023E-02 0.0000E+00 2.000 0.1729E-01
25 0.0000E+00 0.1349E-01 0.1020E-02 0.0000E+00 3.000 0.2018E-01
26 0.0000E+00 0.1337E-01 0.1024E-02 0.0000E+00 3.000 0.2413E-01
27 0.0000E+00 0.1324E-01 0.1025E-02 0.0000E+00 3.000 0.2789E-01
28 0.0000E+00 0.1288E-01 0.1034E-02 0.0000E+00 3.000 0.3239E-01
29 0.0000E+00 0.1065E-01 0.1033E-02 0.0000E+00 3.000 0.3692E-01
30 0.0000E+00 0.1270E-01 0.1039E-02 0.0000E+00 3.000 0.4234E-01
31 0.0000E+00 0.1324E-01 0.1047E-02 0.0000E+00 4.000 0.4826E-01
32 0.0000E+00 0.1381E-01 0.1056E-02 0.0000E+00 4.000 0.5443E-01
33 0.0000E+00 0.1190E-01 0.1061E-02 0.0000E+00 3.000 0.6120E-01
34 0.0000E+00 0.1416E-01 0.1068E-02 0.0000E+00 4.000 0.6815E-01
35 0.0000E+00 0.1328E-01 0.1080E-02 0.0000E+00 4.000 0.7668E-01
36 0.0000E+00 0.1407E-01 0.1081E-02 0.0000E+00 5.000 0.8282E-01
37 0.0000E+00 0.1452E-01 0.1088E-02 0.0000E+00 5.000 0.9172E-01
38 0.0000E+00 0.1428E-01 0.1104E-02 0.0000E+00 5.000 0.1018
39 0.0000E+00 0.1234E-01 0.1108E-02 0.0000E+00 4.000 0.1094
40 0.0000E+00 0.1456E-01 0.1114E-02 0.0000E+00 5.000 0.1179
41 0.0000E+00 0.1508E-01 0.1131E-02 0.0000E+00 6.000 0.1311
42 0.0000E+00 0.1256E-01 0.1137E-02 0.0000E+00 5.000 0.1400
43 0.0000E+00 0.1555E-01 0.1145E-02 0.0000E+00 6.000 0.1510
44 0.0000E+00 0.1361E-01 0.1162E-02 0.0000E+00 5.000 0.1643
45 0.0000E+00 0.1489E-01 0.1175E-02 0.0000E+00 6.000 0.1766
46 0.0000E+00 0.1447E-01 0.1190E-02 0.0000E+00 6.000 0.1920
47 0.0000E+00 0.1855E-01 0.1204E-02 0.0000E+00 8.000 0.2060
48 0.0000E+00 0.1520E-01 0.1227E-02 0.0000E+00 7.000 0.2244
49 0.0000E+00 0.1706E-01 0.1237E-02 0.0000E+00 8.000 0.2383
50 0.0000E+00 0.1550E-01 0.1255E-02 0.0000E+00 7.000 0.2548
51 0.0000E+00 0.2118E-01 0.1266E-02 0.0000E+00 10.00 0.2696
52 0.0000E+00 0.1617E-01 0.1286E-02 0.0000E+00 8.000 0.2894
53 0.0000E+00 0.1617E-01 0.1314E-02 0.0000E+00 8.000 0.3119
54 0.0000E+00 0.1617E-01 0.1333E-02 0.0000E+00 8.000 0.3322
55 0.0000E+00 0.1898E-01 0.1360E-02 0.0000E+00 10.00 0.3561
56 0.0000E+00 0.1599E-01 0.1369E-02 0.0000E+00 8.000 0.3723
57 0.0000E+00 0.1910E-01 0.1412E-02 0.0000E+00 10.00 0.4057
58 0.0000E+00 0.1849E-01 0.1428E-02 0.0000E+00 10.00 0.4265
59 0.0000E+00 0.1654E-01 0.1443E-02 0.0000E+00 9.000 0.4474
60 0.0000E+00 0.1599E-01 0.1473E-02 0.0000E+00 9.000 0.4758
61 0.0000E+00 0.1855E-01 0.1504E-02 0.0000E+00 11.00 0.5065
62 0.0000E+00 0.2139E-01 0.1534E-02 0.0000E+00 13.00 0.5373
63 0.0000E+00 0.1917E-01 0.1570E-02 0.0000E+00 12.00 0.5718
64 0.0000E+00 0.1956E-01 0.1603E-02 0.0000E+00 12.00 0.6057
65 0.0000E+00 0.2087E-01 0.1643E-02 0.0000E+00 13.00 0.6451
66 0.0000E+00 0.2084E-01 0.1681E-02 0.0000E+00 13.00 0.6837
67 0.0000E+00 0.2063E-01 0.1715E-02 0.0000E+00 13.00 0.7201
68 0.0000E+00 0.2063E-01 0.1795E-02 0.0000E+00 14.00 0.7888
69 0.0000E+00 0.2365E-01 0.1794E-02 0.0000E+00 16.00 0.8043
70 0.0000E+00 0.2173E-01 0.1859E-02 0.0000E+00 15.00 0.8651
71 0.0000E+00 0.2541E-01 0.1912E-02 0.0000E+00 18.00 0.9187
72 0.0000E+00 0.2548E-01 0.1986E-02 0.0000E+00 18.00 0.9878
73 0.0000E+00 0.2728E-01 0.2049E-02 0.0000E+00 19.00 1.051
74 0.0000E+00 0.2606E-01 0.2143E-02 0.0000E+00 19.00 1.139
75 0.0000E+00 0.2853E-01 0.2241E-02 0.0000E+00 21.00 1.231
76 0.0000E+00 0.3406E-01 0.2311E-02 0.0000E+00 25.00 1.304
77 0.0000E+00 0.2911E-01 0.2374E-02 0.0000E+00 22.00 1.373
78 0.0000E+00 0.2847E-01 0.2437E-02 0.0000E+00 22.00 1.445
79 0.0000E+00 0.2722E-01 0.2598E-02 0.0000E+00 21.00 1.593
80 0.0000E+00 0.2890E-01 0.2707E-02 0.0000E+00 23.00 1.704
81 0.0000E+00 0.3709E-01 0.2855E-02 0.0000E+00 30.00 1.849
82 0.0000E+00 0.3156E-01 0.2965E-02 0.0000E+00 25.00 1.966
83 0.0000E+00 0.3251E-01 0.3144E-02 0.0000E+00 26.00 2.142
84 0.0000E+00 0.3522E-01 0.3297E-02 0.0000E+00 29.00 2.300
85 0.0000E+00 0.5969E-01 0.3655E-02 0.0000E+00 50.00 2.634
86 0.0000E+00 0.3754E-01 0.3768E-02 0.0000E+00 32.00 2.766
87 0.0000E+00 0.4727E-01 0.4113E-02 0.0000E+00 41.00 3.103
88 0.0000E+00 0.5087E-01 0.4538E-02 0.0000E+00 44.00 3.515
89 0.0000E+00 0.5084E-01 0.4707E-02 0.0000E+00 45.00 3.709
90 0.0000E+00 0.6055E-01 0.5068E-02 0.0000E+00 54.00 4.080
91 0.0000E+00 0.7880E-01 0.6062E-02 0.0000E+00 71.00 5.032
92 0.0000E+00 0.5792E-01 0.6147E-02 0.0000E+00 53.00 5.171
93 0.0000E+00 0.6689E-01 0.7441E-02 0.0000E+00 62.00 6.433
94 0.0000E+00 0.8063E-01 0.8048E-02 0.0000E+00 75.00 7.077
95 0.0000E+00 0.9106E-01 0.1059E-01 0.0000E+00 86.00 9.575
96 0.0000E+00 0.1585 0.1361E-01 0.0000E+00 152.0 12.57
97 0.0000E+00 0.1589 0.1711E-01 0.0000E+00 154.0 16.10
98 0.0000E+00 0.2205 0.2859E-01 0.0000E+00 216.0 27.53
99 0.0000E+00 0.3578 0.6307E-01 0.0000E+00 354.0 61.96
