1 0.0000E+00 0.1080E-01 0.1008E-02 0.0000E+00 2.000 0.1048E-01
2 0.0000E+00 0.1135E-01 0.1042E-02 0.0000E+00 2.000 0.2091E-01
3 0.0000E+00 0.9758E-02 0.1032E-02 0.0000E+00 2.000 0.2918E-01
4 0.0000E+00 0.1138E-01 0.1059E-02 0.0000E+00 3.000 0.4311E-01
5 0.0000E+00 0.9644E-02 0.1059E-02 0.0000E+00 3.000 0.5275E-01
6 0.0000E+00 0.1141E-01 0.1065E-02 0.0000E+00 4.000 0.6283E-01
7 0.0000E+00 0.1320E-01 0.1077E-02 0.0000E+00 5.000 0.7488E-01
8 0.0000E+00 0.1212E-01 0.1093E-02 0.0000E+00 3.000 0.8706E-01
9 0.0000E+00 0.1278E-01 0.1095E-02 0.0000E+00 4.000 0.9868E-01
10 0.0000E+00 0.1245E-01 0.1118E-02 0.0000E+00 4.000 0.1090
11 0.0000E+00 0.1300E-01 0.1123E-02 0.0000E+00 5.000 0.1229
12 0.0000E+00 0.1355E-01 0.1139E-02 0.0000E+00 5.000 0.1369
13 0.0000E+00 0.1614E-01 0.1145E-02 0.0000E+00 5.000 0.1504
14 0.0000E+00 0.1263E-01 0.1161E-02 0.0000E+00 5.000 0.1641
15 0.0000E+00 0.1413E-01 0.1173E-02 0.0000E+00 7.000 0.1754
16 0.0000E+00 0.1392E-01 0.1186E-02 0.0000E+00 6.000 0.1924
17 0.0000E+00 0.1570E-01 0.1208E-02 0.0000E+00 6.000 0.2029
18 0.0000E+00 0.1469E-01 0.1221E-02 0.0000E+00 8.000 0.2210
19 0.0000E+00 0.1483E-01 0.1230E-02 0.0000E+00 7.000 0.2347
20 0.0000E+00 0.1461E-01 0.1252E-02 0.0000E+00 9.000 0.2523
21 0.0000E+00 0.1337E-01 0.1260E-02 0.0000E+00 8.000 0.2652
22 0.0000E+00 0.1520E-01 0.1278E-02 0.0000E+00 8.000 0.2786
23 0.0000E+00 0.1630E-01 0.1289E-02 0.0000E+00 8.000 0.2931
24 0.0000E+00 0.1746E-01 0.1312E-02 0.0000E+00 8.000 0.3124
25 0.0000E+00 0.1587E-01 0.1332E-02 0.0000E+00 9.000 0.3328
26 0.0000E+00 0.1770E-01 0.1353E-02 0.0000E+00 10.00 0.3561
27 0.0000E+00 0.1715E-01 0.1372E-02 0.0000E+00 8.000 0.3702
28 0.0000E+00 0.1834E-01 0.1382E-02 0.0000E+00 11.00 0.3884
29 0.0000E+00 0.1709E-01 0.1410E-02 0.0000E+00 9.000 0.4107
30 0.0000E+00 0.1692E-01 0.1427E-02 0.0000E+00 9.000 0.4289
31 0.0000E+00 0.1727E-01 0.1445E-02 0.0000E+00 12.00 0.4499
32 0.0000E+00 0.1788E-01 0.1459E-02 0.0000E+00 11.00 0.4625
33 0.0000E+00 0.1788E-01 0.1497E-02 0.0000E+00 12.00 0.4941
34 0.0000E+00 0.1733E-01 0.1513E-02 0.0000E+00 9.000 0.5145
35 0.0000E+00 0.1691E-01 0.1536E-02 0.0000E+00 13.00 0.5368
36 0.0000E+00 0.2077E-01 0.1553E-02 0.0000E+00 11.00 0.5587
37 0.0000E+00 0.1849E-01 0.1583E-02 0.0000E+00 12.00 0.5871
38 0.0000E+00 0.1941E-01 0.1615E-02 0.0000E+00 13.00 0.6125
39 0.0000E+00 0.2588E-01 0.1642E-02 0.0000E+00 11.00 0.6386
40 0.0000E+00 0.2170E-01 0.1661E-02 0.0000E+00 12.00 0.6638
41 0.0000E+00 0.1980E-01 0.1691E-02 0.0000E+00 14.00 0.6896
42 0.0000E+00 0.2220E-01 0.1710E-02 0.0000E+00 12.00 0.7158
43 0.0000E+00 0.2444E-01 0.1754E-02 0.0000E+00 13.00 0.7563
44 0.0000E+00 0.2820E-01 0.1779E-02 0.0000E+00 20.00 0.7867
45 0.0000E+00 0.2216E-01 0.1803E-02 0.0000E+00 15.00 0.8099
46 0.0000E+00 0.2339E-01 0.1846E-02 0.0000E+00 15.00 0.8492
47 0.0000E+00 0.2269E-01 0.1900E-02 0.0000E+00 16.00 0.8993
48 0.0000E+00 0.2423E-01 0.1921E-02 0.0000E+00 19.00 0.9214
49 0.0000E+00 0.2274E-01 0.1955E-02 0.0000E+00 17.00 0.9647
50 0.0000E+00 0.2087E-01 0.1977E-02 0.0000E+00 15.00 0.9883
51 0.0000E+00 0.2747E-01 0.2043E-02 0.0000E+00 17.00 1.043
52 0.0000E+00 0.2502E-01 0.2074E-02 0.0000E+00 16.00 1.076
53 0.0000E+00 0.2312E-01 0.2145E-02 0.0000E+00 17.00 1.133
54 0.0000E+00 0.2588E-01 0.2184E-02 0.0000E+00 23.00 1.181
55 0.0000E+00 0.2487E-01 0.2241E-02 0.0000E+00 20.00 1.241
56 0.0000E+00 0.3351E-01 0.2269E-02 0.0000E+00 19.00 1.265
57 0.0000E+00 0.3558E-01 0.2324E-02 0.0000E+00 20.00 1.324
58 0.0000E+00 0.2661E-01 0.2382E-02 0.0000E+00 23.00 1.383
59 0.0000E+00 0.2841E-01 0.2430E-02 0.0000E+00 21.00 1.434
60 0.0000E+00 0.3394E-01 0.2487E-02 0.0000E+00 31.00 1.480
61 0.0000E+00 0.3374E-01 0.2588E-02 0.0000E+00 23.00 1.584
62 0.0000E+00 0.3040E-01 0.2628E-02 0.0000E+00 25.00 1.629
63 0.0000E+00 0.3271E-01 0.2699E-02 0.0000E+00 26.00 1.702
64 0.0000E+00 0.3322E-01 0.2764E-02 0.0000E+00 26.00 1.771
65 0.0000E+00 0.3557E-01 0.2841E-02 0.0000E+00 24.00 1.848
66 0.0000E+00 0.3583E-01 0.2924E-02 0.0000E+00 27.00 1.930
67 0.0000E+00 0.3622E-01 0.3034E-02 0.0000E+00 27.00 2.035
68 0.0000E+00 0.3455E-01 0.3129E-02 0.0000E+00 29.00 2.133
69 0.0000E+00 0.3656E-01 0.3215E-02 0.0000E+00 31.00 2.216
70 0.0000E+00 0.4280E-01 0.3302E-02 0.0000E+00 29.00 2.304
71 0.0000E+00 0.3946E-01 0.3457E-02 0.0000E+00 35.00 2.457
72 0.0000E+00 0.3778E-01 0.3572E-02 0.0000E+00 37.00 2.573
73 0.0000E+00 0.4028E-01 0.3679E-02 0.0000E+00 35.00 2.678
74 0.0000E+00 0.4230E-01 0.3870E-02 0.0000E+00 39.00 2.862
75 0.0000E+00 0.4263E-01 0.3982E-02 0.0000E+00 38.00 2.983
76 0.0000E+00 0.5102E-01 0.4173E-02 0.0000E+00 37.00 3.171
77 0.0000E+00 0.4659E-01 0.4297E-02 0.0000E+00 47.00 3.310
78 0.0000E+00 0.5551E-01 0.4585E-02 0.0000E+00 44.00 3.580
79 0.0000E+00 0.4559E-01 0.4791E-02 0.0000E+00 44.00 3.774
80 0.0000E+00 0.4651E-01 0.5025E-02 0.0000E+00 49.00 4.022
81 0.0000E+00 0.4746E-01 0.5239E-02 0.0000E+00 47.00 4.248
82 0.0000E+00 0.6610E-01 0.5564E-02 0.0000E+00 68.00 4.557
83 0.0000E+00 0.7922E-01 0.5859E-02 0.0000E+00 70.00 4.857
84 0.0000E+00 0.7034E-01 0.6229E-02 0.0000E+00 60.00 5.231
85 0.0000E+00 0.8130E-01 0.6613E-02 0.0000E+00 71.00 5.634
86 0.0000E+00 0.7831E-01 0.7203E-02 0.0000E+00 74.00 6.192
87 0.0000E+00 0.7501E-01 0.7629E-02 0.0000E+00 63.00 6.648
88 0.0000E+00 0.9839E-01 0.8296E-02 0.0000E+00 98.00 7.290
89 0.0000E+00 0.8441E-01 0.9100E-02 0.0000E+00 90.00 8.097
90 0.0000E+00 0.8215E-01 0.9997E-02 0.0000E+00 79.00 8.995
91 0.0000E+00 0.8234E-01 0.1113E-01 0.0000E+00 81.00 10.13
92 0.0000E+00 0.1024 0.1268E-01 0.0000E+00 100.0 11.71
93 0.0000E+00 0.1397 0.1480E-01 0.0000E+00 147.0 13.79
94 0.0000E+00 0.1396 0.1653E-01 0.0000E+00 113.0 15.52
95 0.0000E+00 0.2029 0.1956E-01 0.0000E+00 169.0 18.58
96 0.0000E+00 0.1548 0.2342E-01 0.0000E+00 141.0 22.43
97 0.0000E+00 0.1900 0.3188E-01 0.0000E+00 190.0 31.03
98 0.0000E+00 0.4274 0.5239E-01 0.0000E+00 423.0 51.40
99 0.0000E+00 0.6831 0.1405 0.0000E+00 660.0 139.0
